[[111, 80], [112, 80], [112, 79], [114, 77], [114, 76], [116, 76], [116, 74], [117, 74], [117, 72], [119, 70], [119, 69], [122, 68], [123, 66], [125, 65], [126, 63], [127, 62], [129, 60], [130, 59]]
[[116, 74], [117, 74], [117, 72], [119, 71], [120, 69], [122, 68], [123, 66], [125, 65], [126, 63], [128, 62], [131, 60], [133, 59], [135, 57], [137, 56], [140, 54], [142, 53], [144, 51], [146, 50], [148, 50], [151, 48], [153, 48], [154, 46], [156, 46]]
[[139, 58], [139, 56], [141, 56], [141, 55], [144, 55], [145, 53], [146, 53], [149, 50], [151, 50], [153, 49], [155, 49], [158, 48], [160, 48], [162, 46], [164, 46], [166, 46], [168, 45], [171, 45], [173, 45], [175, 43], [176, 43], [177, 43], [179, 42], [180, 42], [182, 40]]
[[168, 45], [170, 44], [173, 44], [174, 44], [175, 43], [177, 43], [179, 43], [181, 43], [183, 41], [185, 41], [188, 41], [190, 40], [192, 40], [194, 40], [196, 40], [198, 38], [201, 38], [203, 38], [206, 38], [209, 37], [211, 37], [213, 37], [214, 37], [216, 37], [217, 37], [219, 37], [220, 37], [220, 35]]
[[209, 33], [211, 33], [212, 33], [213, 33], [215, 33], [216, 35], [217, 35], [219, 35], [221, 35], [223, 35], [226, 35], [228, 35], [231, 35], [233, 35], [235, 35], [237, 35], [239, 35], [242, 35], [243, 35], [244, 35], [245, 35], [245, 36], [248, 36], [250, 36], [251, 36], [251, 37], [253, 37], [255, 37], [257, 37]]
[[242, 34], [244, 34], [245, 36], [246, 36], [248, 37], [250, 37], [251, 39], [254, 39], [256, 39], [259, 40], [261, 40], [263, 40], [265, 42], [268, 42], [269, 42], [271, 43], [272, 43], [274, 43], [275, 45], [276, 45], [278, 45], [279, 46], [281, 46], [283, 47], [285, 47], [285, 49], [286, 49], [287, 49]]
[[279, 45], [280, 45], [282, 45], [282, 46], [283, 46], [285, 48], [287, 49], [289, 51], [291, 51], [292, 52], [293, 52], [295, 53], [296, 53], [297, 55], [300, 55], [300, 56], [302, 56], [304, 58], [305, 59], [307, 60], [309, 62], [311, 64], [314, 67], [316, 68], [317, 69], [319, 71], [320, 72]]
[[309, 58], [309, 59], [310, 59], [311, 59], [313, 60], [314, 60], [314, 61], [315, 61], [317, 61], [317, 63], [319, 63], [321, 64], [322, 66], [324, 67], [327, 69], [328, 70], [330, 71], [331, 73], [332, 74], [334, 76], [334, 77], [335, 77], [335, 78], [335, 80]]
[[320, 65], [322, 65], [322, 66], [324, 66], [324, 69], [327, 69], [328, 71], [329, 71], [331, 72], [332, 72], [333, 75], [335, 75], [336, 77], [338, 78], [339, 80], [340, 80], [342, 83], [343, 84], [345, 84], [346, 86], [349, 89], [352, 90], [353, 92], [354, 92]]
[[351, 90], [352, 93], [354, 95], [354, 96], [355, 98], [355, 99], [358, 100], [358, 103], [360, 104], [360, 105], [362, 107], [362, 109], [364, 110], [366, 112], [366, 113], [368, 115], [368, 116], [370, 117], [370, 119], [371, 119], [371, 121]]
[[366, 111], [367, 113], [367, 115], [367, 116], [368, 117], [368, 119], [368, 120], [369, 121], [369, 123], [369, 124], [371, 125], [371, 127], [372, 128], [372, 130], [372, 132], [374, 135], [374, 137], [374, 138], [375, 139], [375, 141], [375, 142], [377, 143], [377, 145], [378, 146], [378, 147], [378, 149]]
[[373, 131], [373, 133], [373, 134], [373, 135], [373, 137], [373, 138], [373, 139], [373, 140], [373, 142], [373, 143], [373, 144], [374, 146], [374, 147], [374, 148], [374, 150], [374, 151], [374, 152], [374, 153], [374, 155], [374, 156], [374, 157], [374, 159], [374, 160], [374, 162], [374, 164], [374, 165]]
[[373, 156], [373, 158], [373, 160], [373, 162], [373, 164], [373, 165], [373, 167], [373, 168], [373, 169], [374, 171], [374, 172], [374, 173], [374, 174], [374, 177], [374, 178], [374, 180], [374, 181], [374, 183], [374, 184], [375, 184], [375, 186], [375, 188], [375, 189]]
[[375, 178], [375, 180], [375, 182], [375, 184], [375, 185], [375, 188], [375, 189], [375, 191], [375, 192], [375, 193], [375, 195], [375, 197], [375, 198], [375, 199], [375, 201], [375, 202], [375, 203], [373, 204], [373, 206], [373, 207], [373, 208], [373, 210], [373, 212], [373, 213]]
[[372, 202], [372, 204], [372, 205], [372, 207], [371, 207], [371, 209], [371, 210], [371, 212], [369, 213], [369, 214], [369, 216], [368, 219], [368, 220], [368, 221], [368, 223], [366, 224], [366, 225], [366, 227], [366, 228], [365, 229], [365, 231], [365, 233], [365, 234], [365, 235], [364, 235], [364, 237], [364, 238]]
[[364, 233], [364, 234], [364, 236], [364, 238], [362, 238], [362, 240], [362, 241], [361, 243], [361, 246], [361, 247]]
[[123, 166], [123, 165], [123, 164], [123, 163], [123, 161], [124, 161], [124, 160], [124, 159], [124, 157], [125, 156], [125, 155], [125, 153], [127, 152], [127, 150], [128, 148], [128, 146], [130, 144], [131, 142]]
[[126, 155], [126, 153], [126, 152], [126, 151], [127, 149], [127, 148], [127, 147], [129, 144], [129, 143], [129, 142], [130, 142], [130, 141], [131, 139], [131, 138], [133, 138], [133, 137], [133, 135], [134, 135], [134, 134], [134, 133], [135, 133], [135, 132], [135, 130], [137, 130], [137, 129], [137, 128], [138, 128], [138, 126], [138, 125], [139, 125], [139, 124], [140, 124], [140, 123], [140, 121], [142, 121], [142, 120], [142, 119], [143, 119], [143, 117], [144, 116], [144, 115], [146, 115], [146, 113], [148, 111], [149, 110], [149, 108], [151, 108], [151, 107], [152, 107], [152, 106], [153, 104]]
[[141, 121], [141, 120], [142, 120], [142, 118], [143, 116], [143, 115], [145, 115], [145, 113], [146, 112], [146, 111], [147, 111], [147, 109], [149, 109], [149, 108], [150, 108], [150, 107], [151, 107], [151, 106], [153, 106], [153, 104], [154, 104], [154, 103], [155, 103], [155, 102], [156, 102], [156, 101], [158, 101], [158, 99], [159, 99], [160, 99], [160, 98], [161, 98], [161, 97], [163, 97], [164, 95], [165, 95], [165, 94], [167, 94], [167, 93], [168, 93], [169, 91], [171, 91], [171, 90], [172, 90], [173, 89], [175, 89], [175, 87], [176, 87], [177, 87], [177, 86], [179, 86], [180, 85], [181, 85], [181, 83], [183, 83], [184, 83], [184, 82], [185, 82], [186, 82], [186, 81], [188, 81], [189, 81], [190, 79], [192, 79], [193, 79], [194, 79], [196, 78], [197, 78], [198, 78], [199, 78], [199, 77], [202, 77], [203, 77], [204, 77], [205, 77], [207, 77], [208, 75], [209, 75]]
[[190, 81], [191, 80], [192, 80], [194, 80], [194, 79], [195, 79], [196, 79], [196, 77], [198, 77], [199, 77], [200, 76], [202, 76], [203, 76], [204, 74], [206, 74], [207, 74], [207, 73], [208, 73], [209, 73], [211, 73], [212, 73], [213, 73], [215, 73], [216, 73], [217, 73], [218, 73], [220, 73], [221, 73], [222, 73], [222, 72], [223, 72], [225, 72], [226, 72], [227, 72], [229, 72], [230, 72], [231, 72], [232, 72], [234, 72], [235, 72], [236, 72], [238, 72], [239, 72], [240, 72], [242, 72], [243, 72], [244, 72], [246, 74], [247, 74], [248, 74], [249, 74], [249, 75], [251, 75], [252, 75], [253, 75], [253, 76], [254, 76], [256, 76], [257, 76], [258, 76], [258, 78], [260, 78], [261, 78], [262, 78], [263, 78], [263, 79]]
[[242, 73], [244, 73], [245, 73], [246, 73], [247, 73], [249, 73], [250, 74], [251, 74], [253, 74], [254, 75], [255, 75], [257, 75], [257, 76], [258, 76], [259, 76], [260, 76], [260, 78], [262, 78], [263, 78], [264, 78], [264, 79], [266, 79], [267, 79], [268, 79], [269, 79], [271, 80], [272, 80], [273, 80], [273, 82], [275, 82], [276, 82], [277, 82], [277, 83], [279, 83], [280, 83], [280, 84], [281, 84], [282, 84], [284, 84], [284, 85], [285, 85], [286, 85], [286, 87], [288, 87], [289, 87], [290, 88], [291, 88], [291, 89], [293, 89], [294, 91], [295, 91]]
[[283, 84], [284, 84], [285, 84], [286, 84], [286, 86], [288, 86], [289, 86], [289, 87], [290, 87], [290, 88], [292, 88], [293, 88], [293, 90], [294, 90], [294, 91], [295, 91], [295, 92], [297, 92], [298, 94], [299, 94], [299, 95], [301, 95], [302, 96], [303, 96], [303, 97], [305, 97], [305, 99], [306, 99], [306, 100], [307, 101], [309, 103], [310, 104], [310, 106], [311, 106], [311, 107], [313, 107], [313, 108], [314, 108], [314, 109], [315, 109], [315, 111], [317, 111], [317, 112], [318, 112], [318, 113], [318, 115], [319, 115], [319, 116], [320, 116], [320, 117], [320, 118], [322, 118], [322, 120], [322, 121], [323, 121], [323, 122], [323, 124], [324, 124], [324, 125], [324, 126], [324, 127], [326, 127], [326, 129], [326, 130], [326, 131], [326, 132], [326, 134], [326, 135], [326, 136], [326, 138], [326, 139], [326, 140], [326, 142]]
[]
[]
[[109, 86], [107, 86], [106, 87], [105, 87], [105, 89], [103, 89], [103, 90], [102, 90], [102, 91], [101, 91], [101, 92], [100, 92], [100, 94], [100, 95]]
[[110, 85], [109, 85], [107, 86], [106, 87], [104, 89], [103, 89], [103, 90], [102, 90], [100, 92], [99, 92], [99, 93], [98, 93], [98, 94], [96, 96], [95, 97], [94, 99], [92, 101], [92, 102], [91, 102], [91, 104], [90, 104], [90, 105], [88, 107], [88, 108], [87, 108], [87, 109], [85, 111], [84, 112], [84, 113]]
[[96, 94], [94, 94], [94, 96], [93, 98], [91, 100], [90, 103], [90, 105], [88, 105], [88, 108], [87, 108], [87, 110], [85, 113], [85, 114], [84, 114], [84, 115], [82, 117], [82, 119], [81, 119], [81, 121], [79, 123], [79, 125], [78, 125], [78, 128], [78, 130], [78, 131], [77, 134], [77, 135], [77, 137], [77, 139], [77, 140]]
[[79, 122], [78, 125], [78, 126], [78, 127], [76, 129], [76, 130], [76, 131], [76, 132], [75, 134], [75, 135], [75, 136], [75, 138], [75, 139], [75, 140], [74, 142], [74, 143], [74, 144], [74, 147], [74, 148], [74, 150], [74, 151], [74, 152], [74, 154], [74, 155], [74, 156], [74, 157], [74, 159], [74, 160], [74, 161], [74, 163], [75, 164], [75, 165], [75, 167], [77, 168], [77, 169], [77, 171]]
[[75, 153], [75, 155], [75, 158], [75, 160], [75, 163], [75, 165], [75, 166], [75, 167], [75, 169], [75, 170], [75, 171], [75, 173], [77, 175], [77, 176], [77, 177], [77, 179], [78, 180], [78, 182], [78, 183], [78, 185], [78, 186], [78, 188], [78, 189], [78, 191], [80, 193], [80, 195], [80, 197], [80, 199], [80, 201], [81, 202], [82, 204]]
[[80, 195], [80, 197], [81, 199], [81, 201], [83, 203], [83, 205], [84, 205], [84, 207], [84, 208], [85, 208], [85, 209], [87, 211], [87, 212], [88, 212], [88, 213], [88, 215], [89, 215], [89, 217], [91, 218], [91, 219], [92, 219], [92, 221], [93, 221], [93, 223], [95, 223], [95, 224], [96, 226], [96, 227]]
[[95, 172], [95, 173], [95, 174], [95, 176], [95, 177], [95, 178], [95, 179], [95, 181], [95, 182], [95, 183], [95, 185], [95, 186], [95, 187], [96, 187], [96, 188], [96, 191]]
[[96, 172], [96, 173], [96, 175], [96, 176], [96, 178], [96, 179], [96, 180], [96, 182], [96, 185], [96, 186], [96, 189], [96, 190], [96, 191], [96, 193], [96, 195], [96, 197], [96, 199], [96, 200], [96, 202], [96, 203], [96, 204], [96, 205], [96, 207], [96, 208], [96, 209], [96, 211], [96, 213], [98, 213], [98, 214]]
[[99, 196], [99, 197], [99, 198], [99, 200], [99, 202], [99, 205], [99, 206], [97, 207], [97, 209], [97, 210], [97, 211], [97, 212], [97, 215], [97, 216], [97, 217], [97, 219], [97, 221], [97, 223], [97, 224], [97, 225], [97, 227], [98, 228], [98, 230], [98, 231], [98, 234], [98, 235], [99, 236], [99, 237], [100, 237]]
[[99, 220], [99, 222], [99, 223], [99, 225], [99, 226], [99, 227], [99, 228], [99, 230], [99, 231], [99, 233], [99, 234], [99, 236], [99, 237], [99, 238], [99, 240], [99, 241], [99, 242], [99, 243], [101, 246], [101, 247], [101, 248], [101, 250], [102, 251], [102, 252], [102, 254], [102, 255], [103, 256], [103, 258], [105, 260], [105, 261], [106, 261]]
[[100, 240], [100, 241], [100, 243], [100, 245], [100, 246], [100, 248], [100, 250], [100, 251], [100, 253], [100, 255], [101, 255], [101, 257], [101, 259], [103, 259], [103, 262], [103, 263], [103, 264], [104, 264], [104, 267], [104, 269], [105, 270], [105, 271], [105, 274], [107, 276], [107, 277], [107, 278], [108, 280], [108, 281], [109, 281], [109, 283], [111, 283], [111, 285], [112, 285], [112, 287]]
[[105, 269], [105, 271], [105, 272], [106, 273], [106, 276], [107, 276], [107, 278], [108, 280], [108, 282], [111, 282], [111, 284], [112, 284], [112, 285], [113, 285], [113, 288], [114, 288], [114, 289], [117, 291], [117, 292], [119, 296], [119, 297], [121, 298], [121, 300], [122, 300], [122, 302], [123, 302], [123, 304], [124, 304], [124, 306], [127, 306], [127, 309], [129, 311], [131, 313], [132, 314]]
[[121, 299], [121, 300], [123, 302], [124, 303], [125, 305], [127, 306], [127, 307], [128, 307], [128, 309], [129, 310], [129, 311], [131, 311], [131, 313], [132, 313], [132, 314], [133, 315], [133, 317], [135, 317], [135, 318], [136, 318], [136, 319], [137, 319], [137, 320], [139, 322], [139, 323], [140, 323], [140, 324], [141, 324], [141, 326], [143, 326], [143, 328], [144, 329], [144, 331], [145, 331], [145, 332], [147, 332], [147, 334], [148, 334], [148, 335], [149, 337], [149, 338], [151, 338], [151, 339], [152, 339], [152, 341], [153, 342], [153, 343], [155, 343], [155, 345], [156, 345], [156, 346], [156, 347], [157, 347], [157, 348], [159, 350], [160, 352], [160, 353], [161, 355], [161, 356]]
[[144, 235], [144, 237], [143, 240], [143, 242], [143, 244], [143, 247], [143, 249], [143, 251], [143, 252], [143, 253], [143, 256], [143, 258], [143, 259]]
[[144, 236], [144, 239], [144, 242], [144, 243], [144, 244], [144, 245], [144, 247], [144, 248], [144, 249], [144, 252], [144, 253], [144, 255], [144, 256], [144, 257], [144, 259], [144, 260], [144, 261], [144, 262], [144, 264], [144, 265]]
[[145, 254], [145, 255], [145, 256], [145, 258], [145, 259], [144, 260], [144, 262], [144, 263], [144, 264], [144, 266], [144, 267], [144, 268], [144, 269], [144, 271], [144, 272], [144, 273], [144, 275], [144, 276], [144, 277], [144, 278], [144, 280], [144, 281], [144, 284], [144, 285], [144, 287]]
[[145, 267], [145, 268], [145, 270], [145, 272], [145, 273], [145, 275], [145, 276], [145, 277], [145, 278], [145, 280], [145, 281], [145, 282], [145, 285], [145, 287], [145, 288], [146, 289], [146, 291], [146, 292], [146, 293], [146, 294], [147, 296], [147, 297], [147, 298], [147, 300], [147, 301], [147, 302], [148, 302], [148, 304]]
[[147, 294], [147, 296], [147, 299], [147, 301], [147, 303], [149, 303], [149, 305], [149, 307], [150, 308], [150, 311], [152, 313], [152, 315], [152, 318], [153, 318], [153, 320], [153, 321], [153, 324], [154, 327], [154, 328]]
[[152, 323], [153, 323], [153, 324], [153, 325], [153, 327], [153, 328], [154, 328], [154, 329], [154, 330], [154, 332], [156, 334], [156, 335], [156, 337], [156, 338], [157, 339], [157, 341], [157, 342], [158, 342], [158, 344], [158, 345], [160, 347], [160, 348], [161, 349]]
[[188, 208], [188, 209], [188, 210], [187, 213], [187, 215], [187, 217], [186, 217], [186, 219], [186, 220], [186, 222], [185, 223], [185, 224], [185, 227], [185, 228], [185, 229], [185, 231], [185, 234], [183, 236], [183, 237], [183, 238], [183, 239], [183, 241]]
[[185, 214], [185, 215], [185, 218], [185, 219], [185, 220], [185, 221], [185, 224], [184, 226], [184, 228], [184, 229], [184, 231], [184, 232], [184, 233], [184, 234], [184, 236], [184, 237], [184, 238], [184, 239], [184, 241], [184, 242], [183, 243], [183, 245], [183, 246], [183, 247], [183, 249], [183, 251], [183, 252], [183, 253]]
[[183, 239], [183, 241], [183, 243], [183, 244], [183, 245], [183, 246], [183, 248], [183, 249], [183, 250], [183, 252], [183, 253], [183, 254], [183, 255], [183, 258], [183, 260], [183, 262], [183, 264], [183, 266], [183, 268], [183, 270], [183, 273], [183, 274], [185, 275], [185, 277], [185, 279]]
[[185, 268], [185, 270], [185, 272], [185, 273], [185, 276], [186, 276], [186, 278], [186, 280], [186, 283], [187, 283], [187, 286], [187, 287], [187, 288], [187, 289], [189, 291], [189, 292], [189, 293], [189, 295], [190, 296], [190, 297]]
[[190, 288], [190, 290], [190, 292], [190, 293], [190, 294], [192, 296], [192, 298], [192, 299], [193, 299], [193, 301], [193, 303], [194, 305], [194, 307], [194, 308], [196, 308], [196, 310], [196, 311], [197, 311], [197, 312], [197, 313], [197, 315], [198, 315], [198, 316], [198, 317], [200, 317], [200, 319], [200, 320], [201, 320], [201, 321], [202, 321], [202, 323], [204, 325], [204, 327], [206, 327], [206, 329]]
[[146, 243], [146, 244], [146, 247], [146, 248], [146, 249], [146, 250], [146, 252], [146, 253], [146, 254], [146, 256], [146, 258], [146, 259], [146, 260], [146, 261], [146, 263], [147, 265], [147, 267], [149, 269]]
[[145, 256], [146, 259], [146, 261], [147, 263], [147, 264], [147, 266], [149, 266], [149, 269], [149, 270], [150, 271], [150, 273], [152, 275], [152, 276], [153, 277], [153, 279], [154, 280], [154, 281], [156, 283], [156, 285], [156, 287], [157, 289], [157, 290], [159, 290], [159, 292], [160, 292]]
[[154, 277], [154, 280], [154, 282], [156, 282], [156, 284], [157, 286], [159, 288], [160, 290], [162, 292], [163, 294], [163, 296], [165, 297], [165, 298], [167, 300], [167, 301], [169, 303], [169, 304], [171, 305], [171, 307], [174, 308], [176, 308], [177, 310], [178, 310], [178, 312], [181, 312], [182, 313]]
[[174, 307], [175, 308], [177, 310], [179, 310], [179, 311], [180, 311], [182, 312], [183, 312], [183, 314], [184, 314], [184, 315], [185, 315], [187, 316], [188, 316], [188, 318], [189, 318], [191, 319], [192, 319], [192, 320], [193, 320], [193, 322], [195, 322], [195, 323], [196, 323], [196, 324], [197, 324], [197, 325], [198, 325], [198, 327], [200, 327], [201, 328], [202, 328], [202, 329], [204, 329], [205, 329]]
[[129, 158], [128, 158], [128, 157], [127, 157], [125, 157]]
[[126, 160], [128, 158], [130, 156], [133, 154], [133, 152], [135, 151], [136, 151], [138, 148], [139, 146], [141, 145], [143, 143], [145, 142], [147, 139], [151, 138], [154, 136], [157, 134], [160, 134], [163, 133], [166, 133]]
[[145, 145], [145, 144], [146, 144], [146, 142], [147, 142], [147, 141], [148, 141], [148, 138], [150, 138], [152, 136], [153, 136], [156, 134], [158, 132], [161, 131], [164, 129], [168, 127], [171, 126], [173, 126], [175, 124], [177, 124], [180, 123], [182, 123], [184, 121], [186, 121], [188, 119], [191, 119], [195, 117], [198, 117], [201, 114], [203, 114], [204, 114]]
[[180, 125], [180, 124], [182, 124], [184, 122], [185, 122], [187, 121], [188, 121], [189, 119], [191, 119], [192, 119], [193, 118], [195, 118], [196, 118], [197, 118], [199, 116], [200, 116], [201, 116], [203, 116], [203, 115], [205, 115], [207, 115], [209, 115], [210, 115], [212, 115], [213, 115], [214, 114], [216, 114], [218, 114], [220, 112], [222, 112], [223, 112], [225, 112], [226, 112], [227, 112], [229, 112], [231, 112], [232, 112]]
[[207, 114], [210, 114], [211, 113], [212, 113], [214, 113], [215, 111], [216, 111], [218, 111], [219, 111], [220, 111], [222, 110], [223, 110], [224, 110], [226, 110], [228, 110], [229, 110], [230, 108], [232, 108], [233, 108], [234, 108], [235, 108], [238, 108], [239, 108], [240, 108], [241, 107], [243, 107], [244, 107], [245, 107], [247, 107], [248, 107], [249, 107], [250, 107], [252, 107], [253, 107], [254, 107], [256, 107], [257, 107], [258, 107], [260, 107], [262, 107], [262, 109], [263, 109], [264, 109], [265, 109], [268, 109], [269, 110], [270, 110], [271, 110], [273, 110], [273, 111], [274, 111], [275, 111], [277, 111], [277, 113], [278, 113], [279, 113], [279, 114], [280, 114], [280, 115]]
[[252, 109], [254, 109], [257, 109], [260, 109], [261, 109], [263, 109], [264, 109], [266, 109], [266, 110], [267, 110], [268, 110], [270, 110], [272, 110], [273, 110], [273, 111], [274, 111], [276, 111], [277, 111], [277, 112], [278, 112], [279, 112], [281, 112], [281, 114], [282, 114], [283, 114], [284, 114], [286, 115], [287, 115], [289, 116], [290, 116], [291, 116], [291, 118], [292, 118], [294, 119], [295, 119], [297, 121], [298, 121], [298, 122], [299, 122], [300, 122], [300, 123], [302, 123], [303, 124], [304, 124], [306, 126], [307, 126], [307, 127], [308, 127], [310, 127], [310, 128], [311, 128], [312, 130], [314, 130], [315, 130], [315, 131], [316, 131], [317, 131], [317, 132], [319, 132], [320, 132], [320, 134], [321, 134], [323, 134], [323, 135], [324, 135], [324, 136], [325, 136], [327, 138], [328, 139], [329, 139], [329, 140], [329, 142], [329, 143]]
[[333, 163], [334, 163], [335, 165], [335, 166], [336, 166], [336, 167], [338, 167], [338, 168], [339, 168], [339, 170], [340, 170], [340, 171], [342, 171], [342, 172], [343, 172], [343, 174], [344, 174], [344, 176], [346, 178], [346, 180], [347, 180], [347, 181], [348, 184], [348, 186], [350, 186], [350, 188], [350, 190], [351, 190]]
[[346, 178], [346, 180], [347, 180], [347, 182], [347, 184], [348, 186], [348, 188], [350, 190], [350, 191], [350, 192], [350, 194], [351, 195], [351, 196], [351, 198], [353, 199], [353, 200], [353, 202], [353, 203], [354, 205], [354, 206], [354, 208], [354, 209], [354, 210], [356, 212], [356, 213], [356, 214], [356, 216], [356, 218]]
[[354, 211], [354, 212], [354, 214], [354, 216], [354, 218], [356, 220], [356, 222], [356, 225], [356, 227], [356, 230], [356, 232], [356, 233], [356, 235], [356, 237], [357, 240], [357, 241], [357, 242], [357, 243], [357, 246], [357, 247], [357, 249], [359, 249], [359, 251]]
[[340, 106], [340, 108], [340, 110], [340, 111], [340, 112], [340, 114], [340, 117], [340, 118], [340, 120], [340, 122], [340, 124], [340, 126], [340, 128], [340, 129], [340, 130], [340, 132], [340, 133], [340, 135], [342, 135]]
[[342, 114], [343, 114], [343, 115], [343, 116], [343, 118], [343, 120], [343, 122], [343, 123], [343, 124], [343, 126], [343, 127], [343, 128], [343, 129], [343, 132], [343, 134], [343, 135], [343, 136], [343, 138], [343, 139], [343, 140], [343, 141], [343, 143], [343, 145], [341, 146], [341, 148]]
[[341, 136], [341, 138], [341, 140], [341, 142], [341, 144], [341, 146], [340, 146], [340, 148], [340, 151], [339, 151], [339, 153], [339, 154], [337, 155], [337, 157], [336, 159], [336, 161], [334, 161], [334, 162], [334, 164], [333, 164], [333, 165], [333, 166]]
[[336, 157], [336, 158], [336, 159], [336, 161], [335, 163], [335, 164], [333, 164], [333, 165], [333, 167], [332, 167], [332, 168], [331, 170], [329, 173], [329, 175], [328, 175], [328, 177], [326, 177], [326, 178], [325, 180], [325, 181], [325, 182], [324, 182]]
[[325, 180], [324, 180], [324, 181], [322, 182], [322, 184], [321, 184], [321, 185], [319, 186], [319, 188], [318, 189], [318, 190], [317, 190], [317, 192], [317, 193], [315, 193], [315, 194], [314, 196], [314, 197], [313, 198], [313, 200], [311, 200], [311, 201], [311, 202], [310, 202], [310, 203], [309, 203], [309, 205], [307, 206], [307, 207], [306, 207], [306, 209]]
[[312, 132], [312, 133], [312, 134], [312, 136], [312, 138], [312, 140], [312, 143], [312, 144]]
[[312, 134], [312, 135], [312, 137], [313, 137], [313, 138], [313, 140], [313, 142], [313, 144], [314, 144], [314, 146], [314, 148], [314, 149], [314, 150], [314, 152], [314, 153], [314, 154], [314, 155], [316, 157], [316, 158], [316, 159], [316, 161], [316, 163]]
[[316, 150], [316, 152], [316, 154], [316, 156], [316, 157], [316, 159], [316, 160], [316, 161], [316, 162], [316, 164], [316, 165], [316, 166], [316, 168], [316, 169], [316, 170], [316, 171], [316, 173], [316, 174], [316, 175], [316, 176], [316, 178], [316, 179], [316, 180], [316, 182], [316, 183], [315, 184]]
[[316, 174], [316, 175], [316, 176], [316, 178], [315, 180], [315, 181], [315, 182], [315, 184], [314, 184], [314, 185], [314, 186], [313, 186], [313, 187], [313, 190], [311, 191], [311, 192], [311, 194], [311, 195]]
[[312, 190], [311, 190], [311, 192], [311, 194], [310, 195], [310, 197], [308, 199], [308, 200], [307, 200], [307, 201], [306, 202], [306, 204], [304, 204], [304, 205], [304, 206], [303, 206], [303, 208], [303, 209], [302, 209], [302, 210]]
[[307, 130], [307, 131], [306, 131], [306, 133], [306, 134], [305, 134], [305, 136], [303, 137], [303, 139], [302, 140], [302, 142], [301, 142], [301, 144], [299, 146], [299, 147], [298, 147], [298, 148], [297, 150], [297, 152], [295, 152]]
[[301, 145], [300, 145], [300, 146], [299, 146], [299, 148], [298, 148], [298, 149], [296, 149], [296, 150], [295, 150], [295, 151], [294, 151], [294, 153], [292, 153], [292, 154], [291, 154], [290, 155], [288, 155], [288, 157], [287, 157], [287, 158], [286, 158], [286, 159], [285, 159], [283, 161], [282, 162], [280, 162], [280, 163], [279, 163], [279, 165], [278, 165], [278, 166], [277, 166], [277, 167], [275, 167], [275, 169], [274, 169], [274, 170], [273, 170], [273, 171], [271, 171], [271, 172]]
[[280, 163], [279, 163], [279, 164], [277, 164], [277, 165], [276, 165], [276, 167], [275, 167], [275, 168], [273, 168], [273, 169], [272, 169], [272, 170], [271, 170], [269, 172], [268, 172], [268, 173], [267, 173], [267, 174], [266, 174], [264, 176]]
[[258, 114], [258, 115], [259, 118], [259, 120], [260, 122], [260, 124], [261, 124], [261, 126], [263, 128], [263, 130], [264, 133], [264, 135], [264, 136], [266, 138], [266, 140], [267, 140], [267, 141]]
[[260, 126], [260, 128], [260, 129], [262, 131], [262, 133], [263, 135], [263, 136], [263, 137], [265, 139], [265, 140], [266, 142], [266, 144], [266, 145], [268, 146], [268, 148], [268, 149], [268, 150], [268, 151], [269, 154], [269, 156]]
[[270, 140], [270, 141], [270, 143], [270, 144], [270, 146], [270, 147], [270, 148], [270, 150], [269, 151], [269, 152], [269, 153], [269, 155], [269, 156], [269, 157], [269, 159], [269, 161], [267, 162], [267, 163], [267, 165], [267, 167], [266, 169], [266, 170], [266, 172]]
[[266, 166], [266, 167], [264, 169], [264, 171], [263, 174], [263, 176], [262, 176], [262, 177], [260, 178]]
[[213, 115], [213, 117], [212, 117], [212, 119], [212, 121], [212, 122], [212, 123], [211, 125], [211, 126], [211, 127], [211, 129], [210, 129], [210, 131], [210, 132], [210, 133], [208, 135], [208, 136], [207, 139], [207, 141], [205, 141], [205, 143], [205, 145], [204, 146], [204, 147], [204, 149], [202, 151]]
[[207, 138], [207, 140], [205, 140], [205, 143], [205, 144], [204, 145], [204, 147], [204, 148], [203, 149], [203, 152], [201, 152], [201, 154], [201, 156], [200, 158], [200, 160], [198, 162], [198, 164], [197, 165], [197, 166], [195, 169], [195, 171], [194, 172], [194, 173]]
[[197, 160], [197, 161], [197, 163], [195, 163], [195, 165], [194, 166], [194, 168], [193, 169], [193, 170], [191, 172], [191, 173], [190, 175], [190, 178], [187, 179], [187, 180], [185, 182], [185, 183], [183, 185], [183, 186], [181, 187], [179, 190], [179, 191], [178, 191], [178, 192], [178, 193]]
[[184, 180], [183, 180], [183, 183], [182, 183], [182, 185], [181, 185], [181, 187], [179, 188], [179, 189], [178, 189], [178, 192], [177, 192], [177, 194], [175, 195], [175, 196], [174, 196], [174, 199], [173, 200], [171, 202], [171, 204], [170, 204], [170, 206], [169, 206], [169, 207], [167, 207], [167, 208], [166, 210], [166, 211], [165, 211], [165, 212]]
[[168, 205], [166, 206], [165, 206], [165, 208], [164, 208], [162, 209], [161, 211], [159, 212], [159, 213], [158, 213], [158, 215], [157, 215], [157, 216]]
[[261, 129], [261, 131], [259, 133], [259, 135], [258, 135], [258, 137], [256, 140], [256, 141], [255, 144], [255, 145], [253, 148], [253, 150], [252, 150], [252, 151], [251, 151], [251, 153], [249, 155], [248, 157], [246, 159], [246, 160]]
[[252, 148], [252, 149], [251, 149], [251, 150], [250, 150], [250, 153], [248, 153], [248, 154], [246, 154], [246, 156], [244, 157], [244, 159], [242, 160], [242, 162], [240, 163], [240, 164], [237, 166], [237, 167], [235, 169], [235, 170], [234, 170], [234, 172], [232, 173], [232, 175]]
[[236, 167], [235, 169], [233, 170], [232, 172], [230, 175], [230, 176], [227, 177], [227, 179], [225, 180], [224, 182], [224, 183], [222, 183], [222, 185], [220, 185], [220, 186], [219, 186], [219, 188], [218, 188], [218, 189], [216, 189], [216, 190], [215, 190], [214, 192], [214, 193]]
[[216, 188], [215, 188], [215, 189], [214, 189], [214, 190], [213, 190], [213, 191], [211, 191], [210, 193], [209, 193], [209, 194], [207, 194], [206, 196], [205, 196], [205, 197], [203, 197], [202, 198], [201, 198], [201, 200], [199, 200], [199, 201], [198, 201], [197, 201], [197, 202], [196, 202], [194, 204], [193, 204], [193, 205], [192, 205], [190, 205], [189, 206], [188, 206], [188, 207], [186, 207], [185, 207], [185, 209], [184, 209], [182, 209], [182, 210], [181, 210], [181, 211], [180, 211], [179, 211], [179, 213], [177, 213], [176, 213], [176, 214], [175, 214], [173, 214], [172, 214], [171, 215], [170, 215], [168, 215], [167, 215], [166, 215], [166, 217], [164, 217], [163, 217], [162, 217], [161, 217], [158, 218], [156, 220]]
[[352, 211], [352, 212], [351, 212], [351, 213], [349, 213], [349, 215], [348, 215], [348, 216], [347, 216], [347, 217], [346, 217], [346, 219], [344, 219], [344, 220], [343, 220], [343, 221], [342, 223]]
[[352, 213], [351, 213], [351, 215], [349, 216], [349, 217], [348, 217], [348, 219], [347, 219], [347, 220], [346, 220], [346, 221], [344, 223], [343, 224], [341, 225], [340, 227], [340, 228], [339, 228], [339, 229], [337, 229], [337, 231], [336, 231], [336, 232], [335, 232]]
[[343, 227], [341, 227], [341, 228], [340, 228], [340, 229], [339, 229], [339, 230], [337, 230], [337, 232], [336, 232], [336, 233], [335, 233], [335, 234], [334, 234], [334, 236], [332, 236], [332, 237], [331, 237], [331, 238], [330, 238]]
[[341, 175], [341, 177], [341, 178], [341, 179], [341, 180], [341, 182], [341, 183], [340, 183], [340, 185], [340, 186], [339, 186], [339, 188], [339, 189], [339, 190]]
[[341, 179], [341, 180], [341, 182], [341, 183], [341, 184], [341, 186], [340, 188], [340, 189], [340, 191], [340, 192], [340, 194], [340, 195], [339, 195], [339, 196], [339, 198], [339, 199], [339, 200], [338, 200], [338, 201], [338, 203], [338, 204], [336, 204]]
[[340, 195], [340, 196], [340, 197], [340, 199], [340, 200], [339, 200], [339, 201], [339, 202], [339, 204], [339, 205], [338, 206], [338, 208], [338, 209], [338, 210], [337, 210], [337, 212], [337, 213], [337, 214], [337, 215], [335, 217], [335, 218], [335, 219], [334, 221]]
[[335, 213], [335, 215], [335, 216], [335, 217], [335, 218], [335, 220], [335, 222], [335, 223], [335, 224], [335, 226], [335, 227], [335, 228], [335, 230], [334, 231], [334, 232], [334, 234], [332, 234], [332, 235], [332, 236], [331, 236], [331, 237], [331, 239], [330, 239], [330, 240]]
[[333, 232], [332, 235], [332, 236], [332, 237], [331, 239], [331, 240], [331, 241], [331, 242], [329, 242], [329, 244], [329, 245], [328, 245], [328, 247], [328, 248], [328, 250], [328, 251], [327, 251], [327, 252], [327, 253], [327, 255], [327, 256]]
[[330, 242], [330, 244], [330, 245], [330, 246], [330, 248], [330, 249], [330, 250], [330, 251], [330, 253], [330, 254], [330, 255], [328, 255], [328, 257], [328, 259], [328, 260], [327, 261], [327, 263], [327, 264], [326, 265], [326, 267], [326, 268], [326, 269], [324, 269], [324, 271]]
[[325, 264], [325, 265], [325, 267], [325, 268], [325, 269], [324, 269], [324, 271], [324, 272], [323, 272], [323, 274], [323, 275], [322, 275], [322, 276], [322, 278], [320, 279], [320, 280], [319, 280], [319, 282], [318, 282], [318, 283], [318, 284], [316, 284], [316, 286]]
[[319, 279], [319, 280], [319, 282], [319, 283], [318, 283], [318, 284], [316, 286], [316, 287], [315, 287], [315, 288], [314, 288], [314, 289], [313, 289], [311, 291], [310, 291], [310, 292], [309, 292], [309, 293], [307, 293], [307, 295], [306, 295], [305, 296], [303, 298], [302, 299], [302, 300], [300, 300], [300, 302], [299, 302]]
[[316, 290], [315, 290], [314, 290], [314, 292], [312, 292], [312, 293], [311, 293], [311, 294], [310, 294], [310, 296], [309, 296], [309, 297], [307, 297], [306, 297], [306, 298], [305, 298], [305, 299], [303, 299], [302, 301], [301, 301], [301, 302], [299, 304], [298, 304], [298, 305], [297, 305], [297, 306], [295, 306], [294, 306], [294, 307], [293, 307]]
[[303, 303], [302, 303], [302, 304], [301, 304], [299, 306], [298, 306], [298, 307], [297, 307], [297, 308], [296, 308], [294, 308], [294, 310], [293, 310], [292, 311], [290, 311], [290, 312], [289, 312], [289, 314], [288, 314], [286, 314], [286, 315], [285, 315], [284, 315], [284, 316], [283, 316], [281, 316], [280, 316], [280, 318], [279, 318]]
[[283, 316], [282, 316], [280, 316], [279, 316], [278, 316], [276, 316], [275, 316], [274, 318], [272, 318], [271, 318], [270, 318], [269, 318], [267, 318], [266, 318], [265, 318], [263, 318], [262, 318], [262, 319], [261, 319], [260, 319], [258, 319], [257, 319], [256, 319], [254, 319], [253, 319], [252, 319], [251, 319]]
[[266, 319], [265, 319], [264, 319], [263, 319], [261, 319], [260, 319], [259, 319], [257, 319], [256, 319], [255, 319], [254, 319], [254, 318], [252, 318], [251, 318], [250, 318], [248, 316], [247, 316], [246, 316], [245, 316], [243, 316], [243, 315], [242, 315], [241, 315], [239, 315], [238, 315], [238, 314], [237, 314], [236, 314], [234, 314], [233, 314], [233, 312], [232, 312], [230, 312], [229, 312], [228, 312], [228, 311], [227, 311], [225, 311], [225, 310]]
[[248, 315], [246, 315], [245, 315], [244, 315], [243, 315], [241, 315], [240, 315], [239, 315], [237, 315], [236, 315], [236, 314], [235, 314], [234, 314], [234, 313], [232, 313], [231, 313], [231, 311], [230, 311], [228, 311], [228, 310], [227, 310], [227, 309], [226, 309], [225, 309], [225, 307], [223, 307], [222, 307], [221, 307], [221, 306], [219, 306], [218, 306], [217, 306], [217, 305], [216, 305], [214, 305], [213, 303], [212, 303], [210, 303], [210, 302], [209, 302], [208, 302], [208, 301], [207, 301], [205, 301]]
[[228, 311], [227, 311], [227, 310], [226, 310], [225, 310], [225, 309], [223, 309], [222, 309], [222, 308], [221, 308], [221, 307], [219, 307], [218, 307], [218, 305], [217, 305], [216, 304], [214, 304], [214, 303], [213, 303], [212, 303], [212, 301], [210, 301], [209, 301], [209, 300], [208, 300], [208, 299], [207, 299], [205, 299], [204, 299], [204, 297], [203, 297], [201, 297], [201, 296], [200, 296], [199, 296], [198, 296], [198, 295], [196, 295], [195, 295], [194, 295], [194, 294], [192, 294], [191, 294], [191, 292], [190, 292], [190, 291], [189, 291], [189, 290], [185, 287]]
[[192, 192], [193, 192], [194, 192], [195, 192], [197, 192], [198, 192], [199, 192], [200, 192], [200, 191], [202, 191], [203, 191], [203, 190], [204, 190], [206, 190], [207, 190], [208, 190], [209, 190], [211, 190]]
[[202, 191], [203, 191], [204, 191], [204, 190], [206, 190], [207, 190], [207, 188], [208, 188], [209, 188], [209, 187], [211, 187], [212, 187], [213, 187], [215, 187], [216, 187], [217, 187], [218, 187], [220, 187], [221, 187], [222, 187], [223, 187], [225, 187], [226, 187], [227, 187], [229, 187], [230, 187], [231, 187], [232, 187], [234, 187], [235, 187], [236, 187], [238, 187], [239, 187], [239, 189], [240, 189], [241, 189], [241, 190], [243, 190], [244, 190], [244, 191], [245, 191], [247, 191], [247, 192], [248, 192]]
[[224, 186], [225, 186], [226, 186], [226, 187], [228, 187], [229, 187], [229, 188], [230, 188], [231, 188], [233, 188], [234, 190], [235, 190], [237, 190], [238, 190], [238, 191], [239, 191], [241, 191], [242, 191], [242, 192], [243, 192], [244, 192], [246, 194], [247, 194], [248, 194], [248, 195], [250, 195], [251, 195], [252, 197], [254, 197]]
[[288, 199], [289, 199], [292, 199], [293, 199], [294, 199], [295, 199], [297, 199], [298, 199], [299, 199], [301, 199], [302, 199], [303, 199], [304, 199], [306, 199], [307, 199], [308, 199], [309, 199]]
[[289, 198], [291, 198], [292, 198], [293, 197], [295, 197], [296, 197], [297, 197], [299, 196], [301, 196], [302, 196], [303, 196], [305, 196], [307, 196], [308, 196], [309, 196], [311, 196]]
[[296, 196], [297, 196], [298, 196], [300, 194], [301, 194], [302, 194], [304, 194], [306, 194], [309, 194], [310, 194], [311, 194], [312, 194], [314, 194], [315, 194], [317, 194], [318, 194], [320, 194], [321, 194], [321, 195], [322, 195], [324, 195], [325, 195], [326, 195], [327, 195], [329, 196], [330, 196]]
[[326, 195], [328, 196], [329, 196], [330, 196], [332, 196], [334, 196], [335, 196], [336, 196], [336, 198], [337, 198]]
[[293, 201], [294, 201], [296, 201], [296, 200], [297, 200], [298, 200], [298, 199], [299, 199], [299, 197], [301, 197], [302, 197], [303, 196], [305, 194]]
[[297, 200], [297, 199], [298, 199], [300, 197], [301, 197], [301, 196], [302, 196], [304, 195], [305, 195], [306, 193], [308, 193], [309, 193], [310, 193], [312, 193], [313, 193], [314, 193], [315, 193], [315, 192], [317, 192], [318, 192], [319, 192], [321, 192], [322, 192], [323, 192], [324, 192], [326, 192], [327, 192], [328, 192], [330, 192], [330, 193], [331, 193], [332, 193], [332, 195], [333, 195], [335, 195], [335, 196], [336, 196], [337, 196], [337, 197]]
[[342, 237], [342, 239], [342, 240], [342, 241], [342, 243], [342, 244], [342, 246], [342, 247], [342, 249], [342, 250], [342, 251], [342, 252], [342, 254], [342, 255], [342, 256]]
[[342, 252], [342, 253], [342, 255], [342, 256], [342, 257], [342, 259], [342, 261], [342, 264], [342, 266], [340, 268], [340, 270], [340, 272], [340, 274], [340, 277], [340, 279], [339, 279], [339, 281], [339, 282], [339, 284], [339, 285], [338, 285], [338, 287]]
[[339, 276], [339, 277], [339, 278], [339, 279], [339, 281], [339, 284], [339, 286], [339, 288], [339, 290], [339, 291], [339, 294], [339, 295], [339, 298], [339, 299], [339, 300], [339, 301], [339, 303], [337, 305], [337, 308], [337, 310], [337, 312], [336, 314], [336, 315]]
[[336, 310], [336, 311], [336, 313], [336, 315], [336, 317], [336, 320], [334, 323], [334, 324], [334, 325], [334, 327], [334, 328], [333, 329], [333, 331], [333, 332], [333, 334], [333, 336], [331, 338], [331, 341], [331, 343], [331, 344], [330, 344], [330, 345], [330, 347]]
[[330, 335], [330, 336], [330, 337], [330, 338], [330, 340], [330, 342], [330, 343], [330, 344], [330, 346], [330, 348], [330, 350], [330, 351], [330, 353], [330, 355], [330, 358], [330, 360], [330, 362], [330, 363], [330, 364]]
[[332, 350], [332, 351], [332, 353], [332, 356], [332, 358], [332, 360], [332, 362], [332, 364], [332, 366], [332, 368], [332, 370], [332, 371], [332, 372], [332, 374], [332, 376], [332, 377], [332, 379], [332, 381], [332, 383], [332, 385], [332, 386], [332, 387], [332, 388], [332, 390]]
[[331, 385], [331, 386], [331, 387], [331, 388], [331, 390], [331, 391], [331, 392], [331, 393], [331, 395], [331, 397], [331, 398], [331, 399], [331, 401], [331, 402], [331, 403], [331, 405], [331, 406], [331, 407], [331, 408]]
[[269, 321], [269, 323], [271, 323], [272, 324], [273, 324], [273, 325], [275, 325], [275, 327], [276, 327], [276, 328], [277, 329], [277, 331], [279, 331], [279, 332], [280, 333], [280, 334], [281, 334], [281, 336], [283, 337], [283, 338], [284, 338], [284, 340]]
[[279, 330], [280, 330], [281, 331], [283, 333], [284, 334], [286, 336], [287, 337], [288, 338], [290, 340], [291, 341], [293, 343], [294, 344], [296, 345], [296, 347], [297, 347], [297, 348], [297, 349], [298, 349]]
[[294, 341], [296, 342], [297, 344], [297, 346], [298, 346], [298, 349], [300, 349], [300, 352], [301, 353], [301, 354], [302, 356], [302, 357], [304, 358], [304, 360], [305, 361], [305, 362], [307, 362], [307, 365], [308, 365], [308, 367], [309, 367], [309, 368], [311, 369], [311, 371]]
[[306, 361], [307, 361], [307, 362], [308, 363], [308, 366], [309, 366], [309, 368], [311, 369], [311, 371], [312, 371], [312, 374], [313, 374], [313, 377], [313, 378], [316, 381], [316, 382], [317, 383], [317, 385], [317, 386], [318, 387], [318, 389], [320, 390], [321, 392], [321, 394], [323, 394], [323, 395]]
[[321, 392], [323, 394], [323, 395], [324, 395], [324, 396], [325, 398], [325, 399], [327, 399], [327, 401], [328, 403], [328, 405], [329, 405], [329, 408], [331, 409], [331, 410], [331, 412], [332, 413], [332, 414], [332, 416]]
[[244, 317], [244, 318], [244, 320], [244, 321], [244, 322], [244, 324], [244, 325], [244, 326], [244, 327], [244, 329], [244, 330], [244, 331], [244, 333], [244, 334], [245, 334], [245, 335], [245, 336], [245, 338], [246, 339], [246, 340]]
[[244, 330], [244, 332], [244, 333], [244, 335], [244, 337], [245, 337], [245, 339], [245, 342], [246, 344], [246, 346], [248, 348], [248, 350], [249, 353], [249, 355], [251, 357], [251, 358], [252, 358], [252, 359], [253, 359], [253, 361], [254, 361]]
[[249, 347], [249, 349], [249, 350], [250, 351], [250, 353], [251, 353], [251, 354], [253, 355], [253, 357], [254, 357], [254, 358], [255, 358], [255, 359], [257, 359], [258, 359], [258, 361], [260, 361], [262, 362], [264, 362], [265, 363], [266, 363], [266, 365], [269, 365]]
[[262, 362], [263, 362], [265, 362], [266, 362], [267, 362], [267, 364], [269, 364], [270, 364], [271, 364], [273, 365], [274, 365], [275, 365], [275, 366], [277, 366], [278, 366], [279, 366], [279, 368], [280, 368], [282, 368], [282, 369], [283, 369], [283, 370], [284, 370], [284, 371], [285, 371], [285, 373], [287, 374]]
[[284, 372], [284, 373], [286, 373], [286, 374], [287, 374], [287, 375], [288, 377], [288, 378], [290, 378], [290, 379], [291, 381], [291, 382], [292, 384], [292, 385], [292, 386], [294, 386], [294, 387], [294, 389], [294, 390], [295, 390], [295, 391], [295, 392], [295, 394], [296, 394], [296, 395], [296, 396], [296, 398], [296, 399], [298, 399], [298, 400], [298, 401], [298, 403], [298, 404], [298, 405], [298, 407], [298, 408], [298, 409], [298, 410], [298, 412], [298, 413], [298, 415]]
[[185, 323], [186, 323], [186, 325], [188, 325], [188, 327], [188, 328], [189, 328], [189, 329], [189, 331], [190, 331], [190, 332], [192, 333], [192, 335], [193, 336], [193, 337], [193, 339], [195, 340], [195, 341], [195, 342], [195, 344], [196, 344]]
[[194, 337], [194, 339], [195, 341], [195, 343], [195, 345], [195, 346], [195, 348], [196, 349], [196, 350], [196, 353], [196, 355], [196, 358], [197, 359], [197, 360], [197, 362], [197, 365], [197, 367], [197, 368]]
[[197, 364], [197, 366], [199, 366], [199, 368], [199, 370], [199, 372], [199, 373], [199, 375], [200, 377], [200, 379], [200, 381], [200, 382], [200, 384], [202, 384], [202, 386], [202, 389], [202, 391], [202, 393], [202, 394], [202, 395], [202, 397], [202, 398], [202, 399], [202, 401], [202, 402], [202, 403], [202, 404], [202, 406], [202, 407], [202, 408], [202, 409], [202, 411], [202, 412], [202, 413], [202, 415], [202, 416], [202, 417], [202, 418], [202, 420], [202, 421], [202, 422], [202, 424], [202, 425]]
[[158, 356], [160, 356], [160, 357], [161, 357], [161, 358], [162, 360], [164, 361], [165, 363], [167, 364], [168, 364], [168, 365], [169, 365], [169, 367], [171, 367], [171, 368], [172, 368], [172, 369], [173, 369], [173, 370], [174, 370], [176, 372]]
[[165, 362], [165, 363], [167, 363], [169, 364], [170, 364], [170, 365], [171, 365], [171, 367], [173, 367], [174, 368], [176, 370], [177, 370], [177, 371], [178, 371], [180, 372], [181, 374], [182, 374], [182, 376], [183, 376], [183, 377], [185, 377], [185, 378], [186, 378], [186, 380], [188, 381], [188, 382], [190, 382], [190, 384], [191, 384], [191, 385], [192, 385]]
[[188, 379], [188, 380], [190, 381], [190, 383], [191, 383], [191, 384], [191, 385], [192, 385], [192, 386], [192, 388], [194, 388], [194, 390], [194, 391], [194, 392], [195, 392], [195, 394], [195, 395], [195, 396], [196, 398], [196, 399], [196, 400], [196, 401], [196, 403], [198, 403], [198, 404], [198, 405], [198, 407], [199, 408], [199, 409], [199, 411], [199, 412], [200, 412], [200, 413], [200, 414], [200, 416], [200, 417], [202, 417], [202, 418], [202, 420], [202, 421], [202, 422], [202, 423], [202, 425], [202, 426], [203, 426], [203, 428]]
[[140, 331], [140, 329], [139, 329], [139, 328], [137, 328], [136, 328], [135, 328], [133, 328], [133, 327], [132, 327], [131, 327], [130, 327], [128, 327], [127, 327], [126, 327], [124, 327], [123, 327], [123, 325], [122, 325], [121, 325], [119, 325], [118, 325], [117, 325], [115, 325], [114, 325], [113, 325], [112, 325], [110, 325], [110, 326], [109, 326], [108, 327], [106, 327], [106, 328], [105, 328], [105, 330], [104, 330], [104, 331], [103, 331], [103, 332], [101, 332], [101, 334], [100, 335], [100, 336], [100, 338]]
[[112, 324], [112, 325], [110, 325], [110, 327], [109, 327], [109, 328], [108, 328], [108, 329], [107, 329], [105, 331], [104, 332], [102, 333], [101, 335], [101, 336], [100, 336], [100, 337], [98, 337], [98, 339], [98, 340], [97, 340], [97, 341], [97, 343], [96, 343], [96, 344], [96, 345], [94, 345], [94, 346], [94, 348], [93, 348], [93, 349], [93, 350], [93, 352], [92, 353], [92, 354], [92, 356], [90, 356], [90, 357], [90, 358], [90, 359], [90, 361], [89, 362], [89, 363], [89, 365]]
[[91, 359], [91, 360], [89, 361], [89, 363], [89, 364], [88, 364], [88, 365], [88, 366], [86, 368], [86, 369], [86, 370], [86, 372], [85, 372], [85, 373], [85, 374], [85, 375], [84, 375], [84, 377], [84, 378], [84, 379], [84, 381], [84, 382], [83, 382], [83, 383], [83, 384], [81, 386], [81, 388], [80, 389], [80, 391]]
[[80, 383], [80, 386], [80, 387], [80, 389], [80, 390], [80, 392], [80, 393], [80, 394], [80, 396], [78, 396], [78, 398], [78, 399], [78, 400], [77, 400], [77, 401], [77, 403], [77, 404], [76, 404], [76, 405], [76, 406], [75, 406], [75, 408], [75, 409], [73, 409], [73, 410], [73, 412], [72, 412], [72, 413], [72, 414], [71, 414], [71, 415], [71, 417], [69, 418], [69, 419], [69, 421], [68, 421], [68, 422], [68, 423], [67, 423], [67, 425], [67, 426], [67, 427], [67, 428], [67, 430]]
[[159, 401], [158, 401], [158, 403], [158, 404], [158, 405], [157, 405], [157, 407], [157, 408], [157, 409], [157, 410], [157, 413], [157, 414], [157, 415], [156, 415], [156, 416], [156, 418], [156, 419], [156, 420], [156, 422], [156, 423], [156, 424], [156, 425], [156, 427], [156, 428], [156, 429], [156, 430], [156, 432], [156, 433], [156, 434]]
[[91, 405], [92, 405], [93, 405], [94, 405], [96, 405], [97, 405], [98, 405], [100, 405], [101, 405], [102, 405], [104, 405], [105, 405], [106, 405], [107, 405], [109, 405], [110, 405], [111, 405], [111, 406], [113, 406], [114, 406], [115, 406], [116, 406], [116, 408], [118, 408], [119, 408], [120, 408], [120, 409], [121, 409], [123, 409], [124, 409], [124, 410], [125, 410], [127, 410], [127, 412], [128, 412], [129, 412], [130, 412], [132, 412], [132, 413], [133, 413], [134, 413], [134, 414], [136, 414], [137, 414], [137, 415], [138, 415], [139, 415]]
[[279, 369], [279, 368], [278, 368], [277, 368], [276, 368], [276, 370], [274, 370], [273, 370], [272, 371], [270, 371], [270, 372], [267, 372], [266, 374], [265, 374], [265, 375], [263, 375], [263, 376], [262, 376], [261, 376]]
[[271, 372], [270, 372], [268, 372], [267, 372], [265, 374], [264, 374], [264, 375], [262, 375], [262, 376], [260, 376], [258, 378], [257, 378], [257, 379], [256, 379], [256, 380], [254, 380], [253, 382], [252, 383], [250, 383], [250, 385], [249, 385], [249, 386], [248, 386], [248, 387], [246, 387]]
[[199, 376], [201, 376], [202, 376], [203, 376], [205, 376], [206, 377], [207, 377], [207, 379], [209, 379], [210, 380], [211, 380], [211, 381], [213, 381], [214, 383], [215, 383], [215, 384], [217, 384], [218, 384], [219, 385], [220, 385]]
[[203, 376], [204, 376], [205, 376], [207, 376], [208, 376], [209, 376], [211, 376], [212, 376], [213, 376], [214, 376], [216, 376], [217, 378], [218, 378], [220, 378], [220, 379]]
[[211, 375], [212, 375], [213, 375], [215, 375], [216, 377], [217, 377], [219, 377], [219, 378], [220, 378], [221, 378], [221, 379], [222, 379], [224, 379], [224, 381], [225, 381], [226, 381], [226, 382], [228, 382], [229, 382], [230, 382], [230, 383]]
[[224, 379], [225, 379], [226, 379], [228, 379], [229, 379], [229, 381], [230, 381], [230, 382], [231, 382], [233, 382], [233, 383], [234, 383], [235, 383], [235, 384], [236, 384], [238, 384], [238, 386], [239, 386], [240, 386], [242, 386], [242, 387], [243, 387], [244, 387], [245, 387], [245, 388], [247, 388], [248, 388], [248, 390]]
[[36, 419], [37, 419], [37, 420], [38, 420], [39, 422], [41, 422], [41, 423], [42, 423], [43, 423], [43, 424], [45, 424], [46, 424], [46, 426], [47, 426], [49, 427], [50, 427], [51, 429], [53, 429], [53, 430], [54, 430], [55, 430], [57, 431], [58, 431], [59, 433], [61, 433], [62, 434], [63, 434], [65, 434], [66, 434], [66, 435], [67, 435], [68, 435], [70, 435], [71, 435], [73, 435], [74, 435], [76, 435], [79, 435], [80, 435], [81, 435], [82, 435], [82, 437], [84, 437], [85, 437], [86, 437], [88, 437], [90, 437], [92, 437], [94, 437], [95, 437], [97, 437], [98, 437], [99, 437], [100, 437], [103, 437], [104, 437], [105, 437], [106, 437], [108, 437], [109, 437], [110, 437], [111, 437], [113, 438], [114, 438], [115, 438], [117, 438], [118, 438], [119, 438], [121, 438], [122, 438], [123, 438], [124, 438], [126, 438], [127, 438], [128, 438], [130, 438], [132, 438], [133, 438], [134, 438], [136, 438], [137, 438], [138, 438], [139, 438], [141, 438], [142, 438], [143, 438], [144, 438], [146, 438], [147, 438], [148, 438], [150, 438], [151, 438], [152, 438], [153, 438], [155, 438], [156, 438], [157, 438], [159, 438], [160, 438], [162, 438], [163, 438], [165, 438], [167, 438], [169, 438], [170, 438], [171, 438], [173, 438], [174, 438], [175, 438], [176, 438], [178, 438]]
[[115, 434], [116, 434], [118, 434], [120, 435], [121, 435], [122, 435], [124, 435], [127, 435], [129, 435], [131, 435], [133, 435], [136, 437], [137, 437], [139, 437], [140, 437], [141, 437], [143, 437], [145, 437], [145, 438], [146, 438], [147, 438], [149, 438], [151, 438], [152, 438], [153, 438], [155, 438], [156, 438], [157, 438], [158, 438], [160, 438], [160, 439], [161, 439], [162, 439], [163, 439], [166, 439], [168, 439], [169, 439], [170, 439], [172, 439], [173, 439], [174, 439], [176, 439], [178, 439], [179, 439], [180, 439], [181, 439], [183, 439], [185, 439], [186, 439], [187, 439], [189, 439], [189, 438], [190, 438], [191, 438], [193, 438], [194, 438], [195, 438], [196, 438], [198, 438], [198, 436], [199, 436], [200, 436], [201, 436], [203, 436], [204, 435], [205, 435], [208, 435], [210, 434], [212, 434], [214, 434], [214, 432], [216, 432], [218, 432], [220, 432]]
[[151, 431], [151, 433], [152, 433], [153, 433], [154, 433], [156, 433], [158, 433], [160, 434], [162, 434], [164, 434], [166, 434], [169, 434], [171, 434], [171, 435], [173, 435], [174, 435], [176, 435], [178, 435], [179, 435], [180, 437], [182, 437], [183, 437], [184, 437], [185, 437], [187, 437], [188, 437], [189, 437], [191, 437], [193, 437], [195, 437], [196, 437], [197, 437], [199, 437], [200, 437], [201, 437], [202, 437], [204, 437], [205, 437], [206, 437], [208, 437], [209, 437], [210, 437], [211, 437], [213, 437], [214, 437], [216, 437], [217, 437], [219, 437], [220, 437], [220, 435], [221, 435], [223, 435], [224, 435], [224, 434], [225, 434], [226, 434], [228, 434], [229, 434], [230, 433], [232, 433], [234, 433], [235, 433], [236, 433], [236, 431], [238, 431], [239, 431], [240, 431], [242, 430], [243, 430], [244, 430], [245, 430], [247, 430], [248, 430], [249, 430], [251, 430], [252, 430], [253, 428], [255, 428], [256, 428], [258, 428], [259, 428], [259, 427], [261, 427], [262, 427], [263, 427], [264, 427], [264, 426], [266, 426], [267, 426], [268, 426], [269, 426], [271, 426], [272, 424], [273, 424], [275, 424], [276, 424], [277, 424], [279, 424], [280, 424], [280, 423], [282, 423], [283, 423], [285, 423], [286, 423], [287, 423], [289, 423], [291, 423], [292, 423], [294, 423], [295, 423], [296, 423], [298, 423], [300, 423], [301, 423], [303, 423], [305, 423], [308, 423], [309, 423], [309, 422], [311, 422], [313, 422], [315, 422], [317, 422], [320, 422], [320, 421], [322, 421], [324, 421], [326, 421], [328, 421], [330, 419]]
[[242, 330], [242, 332], [242, 333], [242, 334], [242, 335], [240, 335], [240, 337], [240, 338], [239, 338], [239, 339], [238, 339], [238, 341], [238, 342], [237, 342], [237, 343], [235, 343], [235, 344], [234, 344], [234, 346], [234, 347], [233, 347], [233, 348], [232, 348], [232, 350]]
[[195, 345], [195, 346], [196, 346], [198, 346], [198, 348], [199, 348], [200, 348], [202, 348], [202, 349], [203, 349], [204, 349], [205, 349], [207, 349], [208, 350], [209, 350], [211, 350], [212, 350], [213, 350], [215, 350], [216, 350], [217, 350], [218, 350], [220, 350]]
[[229, 345], [228, 345], [228, 344], [227, 344], [225, 344], [224, 344], [224, 346], [223, 346], [223, 347], [223, 348], [221, 348], [221, 350], [221, 351], [221, 352], [222, 352], [223, 353], [224, 353], [226, 353], [227, 353], [228, 353], [228, 352], [230, 352], [230, 351], [230, 349], [230, 348], [230, 347], [230, 346], [229, 346], [229, 344]]
[[202, 212], [204, 212], [205, 212], [206, 212], [206, 211], [207, 211], [209, 211], [210, 211], [211, 210], [213, 210], [214, 210], [215, 210], [216, 210], [218, 210], [219, 210], [220, 210], [222, 210], [223, 210], [224, 210], [225, 210], [227, 210], [228, 210], [229, 210], [231, 210], [232, 210], [232, 211], [233, 211], [234, 211], [236, 211], [237, 211], [238, 213], [240, 213], [241, 213], [241, 214], [242, 214], [243, 214], [243, 215], [245, 215], [246, 215], [246, 216], [247, 216], [249, 216], [249, 218]]
[[293, 229], [295, 229], [295, 228], [296, 228], [296, 227], [297, 227], [298, 227], [298, 226], [300, 226], [301, 226], [302, 226], [302, 224], [303, 224], [305, 224], [306, 224], [306, 223], [307, 223], [309, 222], [310, 222], [311, 222], [311, 220], [313, 220], [314, 220], [315, 220], [316, 220], [318, 220], [319, 220], [320, 220], [322, 220], [323, 220], [324, 220], [325, 220], [327, 220], [325, 221]]
[[297, 226], [297, 225], [298, 225], [298, 224], [299, 224], [301, 224], [301, 222], [302, 222], [302, 221], [303, 221], [304, 221], [306, 221], [307, 221], [308, 221], [310, 221], [311, 221], [312, 221], [313, 221], [313, 220], [315, 220], [316, 220]]
[[301, 225], [302, 224], [303, 224], [305, 224], [305, 222], [306, 222], [307, 222], [307, 221], [309, 221], [310, 221], [311, 220], [313, 220], [314, 220], [315, 220], [315, 218], [316, 218], [318, 218]]
[[222, 211], [220, 211], [220, 213], [219, 213], [219, 214], [218, 214], [218, 215], [218, 216], [216, 216], [216, 218], [216, 219], [216, 220], [216, 222], [216, 223], [216, 224], [216, 225], [216, 227], [216, 228], [216, 229]]
[[241, 214], [241, 215], [241, 216], [243, 216], [243, 218], [243, 219], [243, 220], [243, 222], [243, 223], [243, 224], [243, 225], [243, 227], [243, 228], [243, 229], [242, 229], [242, 230], [242, 232], [241, 232], [241, 233], [240, 233], [240, 234], [239, 234]]
[[302, 225], [302, 226], [302, 227], [302, 228], [302, 229], [302, 231], [304, 231], [304, 232], [304, 233], [305, 233], [305, 235], [306, 235], [306, 236], [307, 236], [307, 237], [307, 238]]
[[320, 221], [320, 223], [320, 224], [320, 225], [320, 226], [320, 228], [320, 229], [320, 230], [320, 231], [320, 233], [320, 234], [320, 235], [320, 237], [319, 237], [319, 238]]
[[240, 218], [238, 218], [237, 218], [236, 218], [236, 219], [235, 219], [233, 219], [232, 219], [232, 220], [231, 220], [231, 221], [230, 221], [230, 223], [228, 223], [228, 224], [228, 225], [228, 227], [228, 228], [228, 229], [228, 230], [228, 232], [228, 233], [229, 233], [229, 234], [230, 234]]
[[320, 225], [318, 225], [317, 225], [316, 225], [315, 225], [315, 226], [313, 226], [313, 228], [313, 229], [313, 230], [313, 231], [313, 233], [313, 234], [314, 234]]
[[211, 229], [211, 231], [213, 231], [214, 231], [214, 232], [215, 232], [216, 232], [216, 233], [218, 233], [219, 233], [220, 233], [220, 234], [221, 234], [223, 234], [224, 234], [225, 234], [227, 234], [228, 234], [229, 234], [230, 234], [232, 234], [233, 234], [234, 234], [236, 234], [237, 234], [238, 234], [239, 234], [241, 234], [241, 233], [242, 233], [243, 233], [244, 233], [246, 231], [247, 231], [248, 231], [248, 230], [250, 230]]
[[302, 236], [302, 238], [304, 238], [305, 238], [306, 238], [307, 238], [309, 238], [310, 238], [311, 238], [313, 238], [314, 238], [315, 238], [316, 238], [316, 237], [318, 237], [319, 237], [320, 237], [322, 236], [323, 236], [324, 236], [324, 235], [326, 235], [327, 233]]
[[262, 288], [263, 288], [264, 288], [265, 288], [267, 288], [267, 287], [268, 287], [269, 287], [271, 287], [272, 287], [273, 287], [274, 287], [276, 287], [277, 287], [278, 287], [280, 287], [281, 287], [282, 287], [282, 288]]
[[206, 246], [204, 246], [204, 247], [204, 249], [204, 250]]
[[214, 246], [214, 248], [214, 250], [214, 253], [214, 254]]
[[223, 248], [223, 249], [223, 250], [223, 251], [223, 253]]
[[231, 249], [231, 250], [231, 251], [231, 253], [231, 254]]
[[293, 250], [293, 251], [293, 252], [293, 253], [293, 255]]
[[302, 249], [302, 250], [302, 251], [302, 253], [302, 255]]
[[315, 249], [315, 251], [315, 252], [315, 253], [315, 255]]
[[308, 252], [308, 253], [308, 254], [306, 256]]
