[[143, 192], [143, 191], [144, 190], [144, 187], [145, 187], [145, 185], [147, 185], [147, 183], [148, 183], [148, 182], [150, 182], [152, 180], [153, 178], [154, 177], [156, 175], [157, 174], [159, 172], [161, 170], [163, 168], [167, 165], [169, 164], [171, 162], [174, 161]]
[[161, 170], [163, 170], [163, 168], [164, 168], [164, 167], [167, 167], [168, 165], [170, 165], [171, 163], [173, 163], [174, 160], [176, 159], [179, 157], [182, 157], [185, 155], [188, 153], [190, 152], [192, 152], [195, 150], [197, 150], [199, 148], [200, 148], [203, 147]]
[[182, 155], [184, 155], [185, 155], [185, 154], [187, 154], [187, 153], [189, 153], [193, 151], [194, 151], [196, 150], [198, 150], [200, 148], [203, 148], [205, 146], [207, 146], [209, 143], [212, 141], [214, 140], [216, 138], [218, 138], [221, 137], [223, 137], [225, 137], [227, 135], [229, 135], [231, 135], [233, 135], [235, 135], [236, 135]]
[[207, 142], [209, 142], [210, 142], [212, 141], [214, 141], [217, 139], [219, 139], [222, 136], [226, 136], [231, 135], [235, 135], [239, 135], [244, 135], [249, 135], [253, 135], [256, 135], [259, 135], [262, 135], [265, 135], [267, 135], [269, 135], [270, 133]]
[[218, 138], [220, 138], [221, 137], [222, 137], [225, 137], [226, 137], [227, 137], [229, 137], [232, 137], [235, 137], [239, 137], [243, 137], [246, 137], [250, 137], [254, 137], [257, 137], [260, 137], [263, 137], [266, 137], [268, 137], [270, 137], [272, 137], [273, 137], [275, 139], [276, 139], [277, 139]]
[[263, 134], [265, 134], [267, 134], [268, 134], [269, 134], [271, 134], [273, 136], [276, 136], [278, 137], [280, 137], [283, 139], [286, 139], [289, 139], [292, 140], [295, 140], [297, 140], [298, 142], [299, 142], [301, 142], [302, 142], [302, 143], [304, 143]]
[[269, 136], [272, 136], [273, 136], [274, 136], [276, 136], [278, 136], [281, 136], [285, 136], [288, 136], [291, 136], [294, 137], [297, 138], [300, 138], [303, 141], [306, 141], [308, 142], [311, 142], [313, 144], [315, 144], [317, 146], [319, 146], [322, 148], [323, 148], [324, 150], [326, 150], [326, 152]]
[[295, 137], [297, 137], [299, 137], [301, 137], [304, 137], [309, 140], [312, 141], [315, 141], [317, 145], [320, 146], [322, 148], [324, 149], [326, 151], [327, 152], [328, 154], [330, 154], [331, 157], [334, 159], [335, 159], [335, 161], [337, 161], [338, 163], [341, 164], [342, 164]]
[[139, 181], [140, 181], [140, 179], [140, 177], [141, 175], [141, 173], [143, 170], [143, 167], [145, 165], [145, 162], [147, 160], [149, 158], [149, 156], [152, 153], [154, 152], [155, 150], [156, 149], [158, 148]]
[[144, 170], [146, 168], [147, 165], [149, 161], [151, 157], [152, 154], [155, 150], [157, 147], [158, 143], [160, 141], [162, 139], [164, 137], [167, 134], [169, 132], [171, 131], [173, 129], [174, 128]]
[[164, 140], [165, 140], [166, 137], [168, 136], [169, 136], [172, 133], [174, 131], [176, 129], [179, 126], [182, 125], [184, 123], [186, 123], [189, 121], [191, 121], [193, 119], [195, 119], [197, 116], [200, 116], [202, 114], [203, 114], [205, 113], [206, 113], [207, 111], [208, 111], [208, 110]]
[[182, 126], [183, 126], [183, 124], [185, 124], [187, 123], [188, 123], [190, 121], [192, 121], [195, 118], [198, 117], [200, 117], [203, 115], [206, 115], [209, 115], [213, 113], [217, 113], [220, 113], [223, 113], [226, 112], [229, 112], [232, 112], [236, 112], [239, 112], [242, 112]]
[[212, 117], [213, 115], [215, 115], [215, 114], [218, 114], [219, 114], [220, 113], [221, 113], [223, 111], [224, 111], [226, 110], [227, 110], [228, 110], [230, 108], [231, 108], [233, 108], [235, 108], [237, 108], [239, 108], [243, 107], [245, 107], [248, 107], [251, 107], [254, 107], [257, 107], [260, 107], [262, 107], [265, 107], [267, 107], [269, 107], [271, 107], [273, 109], [274, 109]]
[[223, 110], [225, 110], [228, 108], [229, 108], [230, 108], [232, 107], [233, 107], [234, 107], [235, 107], [237, 107], [239, 107], [240, 107], [243, 107], [245, 107], [247, 107], [250, 107], [252, 107], [254, 107], [255, 107], [257, 107], [259, 107], [261, 107], [264, 107], [266, 107], [268, 107], [270, 107], [272, 107], [274, 107], [275, 107], [276, 107], [278, 109], [281, 109], [283, 109], [285, 110], [287, 110], [288, 110], [290, 112], [291, 112]]
[[280, 109], [282, 109], [283, 109], [284, 109], [286, 109], [287, 109], [288, 109], [290, 109], [292, 109], [293, 110], [294, 110], [296, 111], [297, 111], [298, 112], [300, 112], [302, 115], [304, 115], [306, 118], [307, 118], [308, 120], [311, 120], [313, 122], [315, 124], [316, 124], [318, 125], [319, 125]]
[[294, 111], [296, 111], [299, 111], [300, 111], [301, 111], [301, 112], [303, 112], [305, 114], [306, 114], [307, 116], [309, 116], [310, 118], [312, 118], [313, 121], [316, 123], [318, 123], [319, 125], [320, 127], [320, 128], [323, 129], [323, 132], [325, 134], [327, 136], [328, 138], [329, 139], [331, 140], [332, 142], [334, 143], [335, 145], [335, 146], [337, 147], [339, 149], [339, 150]]
[[322, 127], [325, 128], [325, 131], [327, 133], [328, 135], [330, 137], [330, 139], [332, 140], [332, 142], [335, 145], [335, 146], [337, 147], [337, 149], [338, 150], [338, 151], [338, 153], [340, 154], [340, 155], [340, 157], [341, 158], [341, 159], [342, 159]]
[[226, 140], [226, 141], [226, 142], [226, 144], [226, 145], [226, 147], [226, 149], [226, 151], [226, 153], [225, 154], [225, 156], [225, 158], [224, 158], [224, 161], [223, 163], [221, 166], [219, 170], [218, 174], [216, 179], [214, 183], [212, 186], [211, 190], [209, 193], [208, 195], [206, 197]]
[[219, 171], [219, 173], [217, 175], [217, 177], [216, 178], [216, 180], [214, 181], [214, 182], [212, 185], [211, 187], [209, 189], [208, 191], [206, 194], [205, 195], [203, 197], [202, 199], [200, 200], [199, 202], [197, 206]]
[[205, 192], [203, 195], [203, 198], [201, 199], [201, 200], [201, 202], [199, 203], [199, 204], [199, 206], [197, 207], [197, 209], [195, 212], [193, 214], [192, 217], [190, 219], [189, 222], [187, 225], [186, 227], [186, 228], [183, 230], [183, 231], [182, 231]]
[[194, 205], [194, 208], [193, 209], [193, 211], [191, 212], [191, 214], [188, 217], [188, 219], [186, 221], [186, 222], [185, 224], [185, 225], [183, 226], [183, 228], [182, 229], [180, 231], [179, 234], [179, 236], [177, 236], [177, 237], [176, 237], [176, 238], [175, 238], [173, 241]]
[[168, 244], [168, 242], [170, 242], [171, 242], [173, 241], [174, 241], [175, 241], [176, 240], [178, 240], [179, 238], [180, 238], [182, 237], [183, 237], [185, 235], [188, 235], [191, 233], [194, 233], [197, 230], [200, 229], [205, 227], [209, 225], [213, 223], [215, 222]]
[[189, 235], [191, 233], [193, 233], [195, 232], [196, 232], [197, 232], [199, 230], [201, 230], [203, 227], [207, 226], [210, 224], [214, 222], [218, 221], [220, 219], [222, 218], [225, 216], [228, 215], [230, 213], [232, 211], [235, 209], [237, 206], [239, 203], [242, 198], [245, 195]]
[[224, 210], [227, 210], [228, 209], [229, 207], [231, 206], [232, 204], [234, 203], [235, 201], [237, 200], [241, 198], [243, 198], [246, 195], [248, 193], [251, 192], [253, 190], [255, 189], [256, 188], [259, 185], [260, 184], [262, 182], [262, 179], [264, 178]]
[[280, 144], [280, 145], [279, 147], [279, 149], [277, 151], [277, 153], [277, 154], [275, 155], [275, 157], [275, 159], [274, 159], [274, 160], [274, 161], [273, 161], [273, 163], [271, 165], [270, 166], [268, 168], [267, 169], [267, 170], [264, 172], [264, 173], [261, 175], [261, 176], [259, 178], [258, 179], [256, 181], [255, 183], [252, 186], [250, 189], [248, 192], [245, 195], [243, 197], [239, 201], [237, 203], [234, 205]]
[[279, 142], [279, 143], [279, 144], [279, 145], [280, 145], [280, 147], [282, 147], [282, 149], [283, 150], [283, 151], [284, 154], [284, 156], [286, 158], [286, 161], [286, 163], [287, 163], [287, 165], [287, 167], [287, 169], [287, 170], [287, 172], [287, 173], [287, 175], [287, 176], [287, 177], [287, 179], [287, 182], [287, 184], [286, 184], [286, 185], [283, 186], [281, 190], [280, 191], [278, 193]]
[[324, 152], [324, 154], [323, 157], [323, 158], [322, 159], [322, 161], [321, 161], [321, 162], [319, 162], [319, 163], [317, 165], [316, 167], [314, 169], [313, 171], [313, 173], [311, 173], [311, 174], [310, 174], [310, 175], [309, 175], [309, 177], [307, 177], [307, 179], [305, 180], [304, 182], [304, 184], [302, 184], [302, 185], [301, 185], [301, 187], [299, 187], [299, 189], [297, 189], [297, 191], [295, 191], [295, 194], [293, 194], [293, 195], [291, 195], [291, 196], [290, 196], [290, 197], [288, 197], [288, 199], [287, 199], [287, 200], [284, 200], [283, 201], [282, 201], [280, 204], [278, 204], [276, 206]]
[[286, 169], [286, 171], [286, 172], [286, 174], [286, 177], [286, 179], [286, 180], [286, 182], [285, 184], [285, 185], [285, 186], [283, 188], [283, 189], [283, 190], [282, 190]]
[[285, 173], [285, 174], [285, 176], [285, 178], [285, 180], [285, 183], [285, 186], [285, 188], [285, 189], [285, 190], [285, 192], [283, 193], [283, 194], [283, 196], [282, 196], [282, 198], [281, 199]]
[[286, 180], [286, 182], [286, 183], [286, 184], [286, 185], [286, 188], [286, 190], [284, 192], [284, 194], [282, 197], [282, 199], [281, 201], [281, 202], [279, 204]]
[[326, 154], [326, 155], [327, 155], [327, 157], [329, 159], [329, 160], [329, 161], [330, 161], [330, 163], [330, 165], [330, 168], [331, 169], [331, 171], [333, 171], [333, 173], [333, 175], [333, 177], [333, 178], [334, 178], [334, 180], [334, 182], [334, 183], [334, 184], [334, 185], [334, 187], [334, 188], [334, 189], [334, 190], [334, 192], [334, 193], [334, 194], [332, 194], [332, 196], [332, 197], [331, 197], [331, 198], [331, 199], [330, 201], [330, 202], [328, 202], [328, 203], [328, 205], [327, 205], [327, 206], [326, 208], [326, 210], [324, 213], [324, 214], [324, 215], [323, 215], [323, 216], [321, 219], [321, 220], [321, 221], [320, 221], [320, 223], [319, 223], [319, 226], [318, 226], [318, 228], [315, 229]]
[[353, 125], [353, 127], [353, 129], [353, 131], [354, 131], [354, 132], [354, 134], [355, 134], [355, 137], [355, 138], [355, 139], [355, 140], [356, 140], [356, 143], [356, 145], [356, 147], [356, 149], [356, 151], [356, 152], [356, 154], [356, 155], [356, 156], [356, 158], [356, 159], [356, 160], [356, 162], [356, 163], [356, 164], [355, 164], [355, 165], [355, 167], [355, 168], [355, 169], [353, 169], [353, 170], [353, 173], [353, 174], [352, 175], [352, 177], [352, 178], [352, 179], [351, 181], [351, 182], [351, 183], [349, 183], [349, 184], [349, 186], [349, 187], [348, 188], [348, 190], [348, 191], [347, 191], [347, 192], [347, 194], [345, 196], [345, 197], [344, 197], [344, 198]]
[[346, 190], [346, 191], [345, 191], [345, 192], [345, 194], [344, 194], [344, 195], [344, 196], [344, 198], [342, 198], [342, 199], [342, 200], [341, 202], [341, 203], [340, 203], [340, 204], [340, 205], [338, 205], [338, 207], [338, 208], [337, 208], [337, 209], [337, 210], [336, 210], [336, 212], [335, 212], [335, 214], [333, 215], [333, 217], [332, 217], [332, 218], [332, 219], [331, 219], [331, 220], [329, 220], [329, 222], [328, 222], [328, 224], [326, 224], [324, 226], [323, 228], [322, 229], [320, 230], [319, 232], [317, 233]]
[[319, 221], [319, 223], [318, 224], [318, 225], [316, 228], [316, 229], [315, 230], [315, 232], [314, 232], [314, 234], [312, 235], [312, 236], [311, 236], [311, 238]]
[[311, 237], [313, 236], [316, 233], [318, 230], [321, 228], [323, 226]]
[[132, 110], [131, 110], [129, 111], [128, 111], [128, 112], [127, 112], [125, 113], [124, 115], [123, 115], [123, 116], [121, 116], [121, 117], [120, 117], [120, 119], [119, 119], [119, 120], [117, 120], [117, 121], [116, 121], [116, 123], [115, 123], [115, 124], [113, 125], [113, 127], [112, 127], [112, 128], [111, 128], [111, 129], [110, 129], [110, 131], [108, 133], [108, 134], [107, 134], [107, 135], [106, 135], [106, 137], [104, 137], [104, 139], [103, 140], [103, 141], [102, 141], [102, 143], [102, 144], [100, 144], [100, 146], [99, 147], [99, 149], [98, 149], [98, 150], [98, 152], [96, 152], [96, 153], [96, 155], [96, 156], [95, 156], [95, 158], [95, 161], [95, 162], [95, 164], [94, 164], [94, 166], [94, 167], [94, 168], [94, 170], [94, 172], [94, 173], [94, 174], [94, 176], [94, 177], [94, 178], [94, 179], [94, 181], [94, 183], [94, 184], [94, 186], [94, 188], [94, 189], [94, 190], [94, 192], [94, 193], [94, 195], [94, 196], [94, 198], [96, 199], [96, 201], [96, 203], [96, 205], [96, 207], [97, 208], [97, 210], [97, 211], [98, 211], [98, 214], [98, 216], [100, 217], [100, 218], [100, 220], [100, 221], [101, 223], [101, 225], [103, 225], [103, 228], [104, 228], [104, 230], [104, 231], [105, 231], [105, 233], [107, 234], [108, 236], [109, 237]]
[[102, 225], [102, 226], [103, 228], [103, 229], [104, 231], [106, 233], [107, 235], [109, 237], [109, 239], [110, 240], [110, 241], [110, 243], [112, 245], [112, 246], [113, 248], [114, 248]]
[[115, 229], [114, 229], [114, 230], [114, 231], [114, 233], [114, 236], [114, 237], [114, 238], [114, 239], [113, 241], [113, 242], [113, 243], [113, 246], [113, 248], [113, 250], [113, 251], [113, 252], [113, 254], [113, 255], [113, 256], [113, 258], [113, 259], [113, 260], [113, 261], [113, 263], [115, 264], [115, 265], [115, 267], [115, 268], [116, 268], [116, 270], [116, 271], [116, 273], [118, 274], [118, 276], [118, 278], [118, 280], [119, 280], [119, 281], [119, 282], [120, 282], [120, 284], [120, 286], [121, 286], [121, 287], [121, 288], [123, 290], [123, 291], [124, 291], [124, 292], [126, 294], [126, 295], [127, 295], [127, 296], [128, 298], [128, 299], [130, 299], [130, 300], [131, 302], [131, 303], [132, 303], [132, 304], [134, 306], [134, 307], [135, 307], [135, 308], [135, 309], [136, 309], [136, 311], [138, 312], [138, 313], [139, 313], [139, 315], [140, 317], [140, 318], [142, 318], [142, 320], [143, 323], [143, 325], [144, 325], [144, 327], [146, 327], [146, 329], [147, 329], [147, 331], [148, 331], [148, 333], [150, 333], [150, 335], [151, 335], [151, 338], [152, 340], [152, 341], [154, 343], [154, 344], [155, 345], [155, 347], [157, 347], [157, 349], [159, 349], [161, 351], [162, 351], [164, 354], [165, 356], [167, 357], [168, 358], [169, 360], [172, 362], [174, 364], [176, 366], [179, 367], [181, 369], [183, 369], [185, 371], [187, 371], [188, 373], [189, 373]]
[[167, 255], [166, 255], [166, 257], [166, 258], [166, 259], [166, 261], [164, 262], [164, 263], [164, 265], [164, 266], [164, 267], [164, 269], [164, 271], [164, 272], [164, 273], [164, 274], [163, 276], [163, 278], [163, 279], [163, 281], [163, 282], [163, 283], [163, 285], [163, 287], [163, 289], [163, 290], [163, 291], [163, 293], [163, 295], [163, 296], [163, 297], [163, 298], [163, 300], [163, 301], [163, 304], [163, 306], [163, 308], [163, 310], [163, 311], [164, 311], [164, 312], [164, 314], [164, 316], [166, 319], [166, 320], [166, 322], [167, 323], [167, 326], [167, 328], [169, 330], [169, 331], [169, 333], [170, 333], [170, 334], [170, 335], [172, 337], [172, 339], [173, 339], [173, 341], [173, 342], [174, 342], [174, 343], [174, 345], [174, 346], [175, 346], [175, 347], [175, 349], [177, 352], [177, 353], [178, 354], [178, 355], [180, 358], [180, 360], [181, 360], [181, 361], [182, 361], [182, 362], [184, 362], [184, 364], [186, 365], [187, 365]]
[[177, 360], [177, 362], [179, 363], [180, 365], [182, 368], [184, 370], [187, 372], [189, 372], [190, 374], [191, 374]]
[[179, 362], [181, 363], [182, 365], [184, 368], [185, 370], [187, 372], [190, 374], [191, 374], [192, 376], [194, 377], [195, 377]]
[[160, 276], [160, 277], [161, 279], [161, 280], [161, 281], [161, 283], [163, 284], [163, 285], [163, 287], [164, 287], [164, 289], [166, 292], [166, 293], [168, 295], [168, 296], [169, 297], [169, 300], [172, 302], [172, 304], [174, 306], [176, 310], [177, 313], [179, 316], [180, 320], [183, 322], [184, 323], [185, 323], [187, 326], [188, 326], [190, 327], [191, 327], [191, 328]]
[[176, 309], [177, 311], [179, 314], [179, 316], [180, 317], [180, 318], [184, 320], [185, 322], [186, 323], [188, 325], [189, 326], [191, 328], [192, 329], [194, 331], [195, 331], [196, 333], [198, 333], [199, 335], [200, 335], [202, 337], [203, 337], [205, 339], [206, 339], [206, 340], [208, 340]]
[[191, 324], [194, 327], [196, 329], [196, 330], [198, 330], [200, 332], [202, 334], [204, 334], [205, 335], [209, 337], [210, 337], [211, 339], [213, 341], [214, 341], [216, 343], [218, 344], [219, 344], [219, 346], [220, 346], [222, 347]]
[[206, 229], [205, 231], [205, 233], [205, 236], [204, 237], [204, 238], [204, 240], [204, 241], [204, 242], [203, 242], [203, 245], [203, 247], [203, 248], [203, 250], [203, 252], [203, 254], [203, 257], [203, 261], [203, 265], [203, 269], [201, 273], [201, 276], [201, 279], [201, 281], [201, 284], [201, 287], [201, 289], [201, 291], [201, 293], [201, 295], [201, 297], [201, 298]]
[[202, 280], [202, 282], [202, 283], [202, 284], [202, 286], [202, 288], [202, 289], [202, 290], [202, 293], [202, 295], [202, 297], [203, 299], [203, 301], [203, 303], [203, 305], [203, 308], [204, 310], [204, 312], [204, 313], [204, 315], [206, 317], [206, 318], [206, 319], [207, 321], [207, 322], [208, 322]]
[[205, 301], [205, 304], [205, 305], [205, 306], [205, 307], [206, 310], [206, 312], [206, 314], [206, 316], [207, 319], [207, 321], [207, 323], [209, 325], [209, 326], [210, 328], [210, 329], [212, 330], [212, 332], [213, 333], [213, 334], [214, 336], [214, 337], [216, 338], [216, 341], [217, 341]]
[[130, 105], [130, 103], [132, 102], [133, 99], [135, 97], [137, 96], [139, 94], [140, 94], [142, 92], [143, 92], [145, 90], [147, 87], [148, 87], [148, 86], [150, 86], [150, 85], [151, 85], [152, 85], [152, 84], [153, 84], [155, 82], [156, 82], [157, 82], [159, 81], [160, 81], [161, 81], [161, 79], [164, 79], [166, 79], [167, 79], [169, 79], [169, 78], [170, 78], [172, 78], [173, 78], [173, 77], [174, 77], [175, 77], [177, 77], [178, 77], [179, 75], [181, 75], [183, 75], [183, 74], [185, 74], [187, 74], [189, 74], [191, 74], [191, 73], [192, 73], [193, 73], [194, 73], [196, 73], [197, 72], [198, 72], [200, 72], [202, 72], [203, 70], [204, 70], [206, 70], [207, 70], [208, 70], [210, 70], [211, 70], [212, 70], [212, 69], [213, 69], [215, 69], [216, 69], [216, 68], [217, 68], [219, 68], [219, 66], [220, 66], [221, 66], [222, 66], [224, 65], [225, 65], [226, 65], [228, 65], [229, 65], [230, 65], [232, 65], [233, 65], [234, 65], [237, 63], [239, 63], [242, 63], [243, 63], [244, 63], [245, 63], [247, 63], [248, 63], [249, 63], [250, 63], [252, 63], [253, 63], [254, 63], [256, 63], [257, 63], [258, 63], [260, 64], [261, 64], [263, 64], [265, 64], [267, 65], [270, 65], [271, 65], [272, 65], [274, 65], [274, 66], [276, 66], [278, 66], [280, 66], [282, 68], [283, 68], [285, 68], [288, 69], [289, 69], [290, 69], [292, 71], [293, 71], [294, 71], [294, 72], [295, 72], [297, 72], [297, 73], [298, 73], [300, 73], [302, 75], [303, 75], [304, 75], [304, 76], [305, 76], [307, 76], [308, 78], [310, 78], [313, 79], [315, 79], [315, 80], [316, 80], [318, 80], [318, 82], [319, 82], [321, 82], [321, 83], [322, 83], [323, 84], [325, 84], [325, 86], [326, 86], [327, 86], [329, 87], [330, 87], [331, 88], [333, 88], [333, 90], [334, 90], [335, 90], [335, 91], [336, 91], [336, 92], [338, 92], [339, 92], [339, 94], [340, 94], [342, 95], [343, 95], [343, 96], [344, 96], [346, 96], [346, 98], [347, 98], [348, 99], [350, 99], [350, 100], [351, 100], [352, 100], [352, 102], [353, 102], [353, 103], [355, 103], [356, 104], [357, 104], [357, 105], [359, 105], [359, 107], [360, 107], [360, 108], [361, 108], [361, 109], [362, 109], [362, 111], [364, 112], [365, 113], [367, 113], [367, 115]]
[[329, 82], [330, 83], [333, 85], [334, 85], [335, 87], [337, 89], [339, 90], [341, 92], [344, 92], [347, 96], [351, 99], [353, 101], [354, 103], [356, 106], [358, 110], [358, 113], [360, 116], [360, 118], [362, 120], [362, 122], [362, 124], [363, 125]]
[[346, 99], [347, 99], [349, 100], [350, 100], [351, 100], [353, 101], [354, 101], [356, 104], [358, 106], [359, 108], [361, 111], [364, 115], [365, 118], [367, 121], [369, 125], [370, 127], [371, 128], [373, 130], [374, 132], [376, 134], [376, 137]]
[[358, 109], [361, 112], [363, 113], [364, 115], [366, 116], [369, 120], [371, 123], [375, 129], [378, 134], [380, 138], [382, 144], [384, 150], [384, 155], [386, 161], [386, 166], [386, 172], [388, 178], [388, 182], [388, 185], [388, 188], [388, 190]]
[[382, 161], [384, 163], [384, 165], [385, 166], [385, 169], [385, 171], [385, 174], [385, 177], [385, 180], [385, 183], [385, 187], [385, 192], [385, 196], [385, 200], [385, 203], [385, 206], [385, 209], [385, 212], [385, 214], [385, 216], [385, 217], [385, 218], [385, 220], [382, 222], [382, 223], [381, 223], [381, 225]]
[[386, 177], [388, 178], [388, 180], [388, 182], [388, 184], [388, 186], [388, 189], [388, 192], [389, 195], [389, 198], [389, 200], [389, 203], [389, 205], [389, 207], [389, 209], [389, 211], [389, 214], [389, 217], [388, 220], [388, 224], [386, 228], [386, 231], [385, 233], [385, 234], [383, 236], [383, 237], [382, 238]]
[[386, 201], [386, 203], [387, 204], [387, 205], [387, 208], [387, 210], [387, 212], [387, 214], [387, 216], [387, 218], [387, 221], [387, 224], [384, 228], [384, 231], [383, 234], [383, 237], [381, 240], [381, 242], [379, 244], [377, 247], [377, 249], [375, 251], [375, 253], [373, 255], [373, 256], [371, 256]]
[[351, 189], [352, 190], [352, 191], [353, 192], [353, 194], [356, 196], [356, 198], [358, 200], [358, 202], [360, 205], [360, 208], [364, 212], [366, 219], [366, 223], [369, 228], [369, 232], [370, 237], [370, 240], [370, 242], [372, 243], [372, 244]]
[[359, 208], [361, 209], [361, 211], [362, 213], [362, 215], [364, 217], [364, 219], [365, 223], [365, 226], [367, 230], [367, 234], [369, 238], [369, 241], [371, 245], [371, 247], [371, 248], [372, 250], [372, 251], [372, 253], [372, 254], [372, 255], [372, 257], [372, 258], [370, 260]]
[[210, 213], [212, 213], [213, 212], [214, 212], [216, 211], [218, 209], [221, 207], [224, 207], [227, 206], [230, 206], [232, 206], [234, 206], [235, 206], [236, 206], [238, 206], [239, 206], [240, 206]]
[[219, 213], [220, 213], [220, 212], [223, 212], [224, 212], [226, 212], [228, 212], [230, 212], [233, 211], [235, 211], [237, 211], [238, 211], [239, 211], [241, 211], [242, 211], [246, 211], [250, 211], [253, 211], [256, 211], [259, 211], [262, 211], [264, 213], [265, 213], [265, 214], [266, 214], [266, 215]]
[[230, 208], [231, 208], [233, 208], [234, 208], [236, 208], [237, 208], [239, 208], [241, 208], [243, 208], [246, 208], [248, 209], [249, 209], [250, 209], [252, 210], [254, 210], [255, 212], [257, 212], [258, 215], [261, 218], [262, 221]]
[[300, 222], [301, 222], [301, 221], [303, 221], [305, 220], [307, 220], [307, 218], [308, 218], [309, 218], [311, 217], [312, 217], [313, 216], [315, 216], [317, 216], [318, 216], [319, 216], [321, 216], [322, 216], [323, 216], [324, 216], [326, 216], [327, 216], [328, 216], [330, 216], [331, 216], [332, 216], [333, 216], [335, 216], [336, 216], [337, 216], [339, 216], [339, 217], [340, 217], [341, 217], [341, 218], [342, 218], [344, 218], [345, 218], [345, 220], [346, 220], [346, 221], [347, 221]]
[[310, 249], [312, 249], [314, 248], [315, 248], [316, 247], [318, 247], [319, 246], [321, 246], [321, 244], [323, 244]]
[[314, 247], [314, 246], [315, 246], [316, 246], [318, 244], [319, 244], [320, 244], [322, 244], [322, 243], [323, 243], [324, 243], [326, 243], [329, 243], [331, 243], [333, 243], [334, 243], [334, 242], [335, 242]]
[[330, 242], [332, 242], [333, 242], [334, 242], [336, 242], [337, 242], [338, 242], [339, 242]]
[[221, 234], [222, 234], [224, 234], [225, 234], [227, 234], [228, 234], [229, 234], [231, 234], [233, 234], [236, 234], [238, 234]]
[[228, 234], [230, 234], [233, 234], [235, 234], [236, 232], [237, 232], [239, 232], [241, 232], [242, 232], [244, 232], [246, 232], [249, 232], [252, 232], [254, 232], [256, 232], [258, 233], [260, 233], [262, 234], [263, 234]]
[[245, 231], [247, 231], [248, 231], [250, 232], [252, 232], [253, 232], [255, 232], [256, 232], [257, 233], [260, 233], [261, 235], [262, 235], [262, 236], [264, 236], [264, 237]]
[[231, 252], [231, 253], [233, 253], [236, 253], [238, 253], [239, 253], [240, 253], [240, 254], [242, 254], [244, 255], [245, 255], [246, 255]]
[[241, 254], [242, 254], [243, 254], [245, 254], [247, 254], [249, 254], [250, 254], [251, 254], [253, 254], [254, 254], [255, 254], [257, 254], [259, 254], [260, 254]]
[[255, 252], [256, 252]]
[[260, 252], [261, 251], [263, 251], [263, 250], [264, 250]]
[[240, 235], [239, 235], [239, 236], [239, 237], [238, 237], [238, 239], [238, 240], [236, 240], [236, 241], [236, 242], [236, 244], [236, 245], [236, 246], [236, 248], [236, 249], [237, 249]]
[[263, 235], [263, 237], [263, 238], [263, 239], [263, 240], [263, 242], [263, 243], [263, 244], [263, 245], [263, 247], [263, 248], [261, 248]]
[[320, 259], [321, 259], [321, 261], [322, 261], [323, 261], [325, 261], [326, 261], [327, 261], [329, 261], [330, 261], [331, 261], [332, 261], [334, 261], [334, 260], [335, 260], [336, 260], [337, 260], [339, 260]]
[[319, 246], [319, 248], [319, 249], [319, 250], [319, 252], [319, 253], [319, 254], [321, 256], [321, 257], [322, 257], [322, 258]]
[[337, 246], [337, 247], [337, 249], [337, 250], [337, 251], [337, 253], [336, 253], [336, 254], [335, 254]]
[[257, 240], [256, 240], [255, 240], [253, 240], [252, 240], [252, 242], [251, 242], [251, 243], [251, 244], [250, 244], [250, 245], [250, 247], [250, 248], [250, 249], [250, 251], [250, 252]]
[[255, 241], [257, 241], [257, 240], [258, 240], [259, 240], [260, 240], [262, 240]]
[[334, 246], [333, 246], [331, 246], [331, 247], [331, 249], [330, 249], [330, 250], [330, 251], [330, 253], [330, 254], [330, 255], [330, 256]]
[[337, 251], [336, 253], [336, 254], [336, 255], [335, 255], [335, 256]]
[[335, 252], [335, 253], [335, 256], [335, 257], [334, 258], [334, 260]]
[]
[[356, 206], [356, 207], [356, 210], [356, 212], [356, 214], [356, 217], [356, 220], [356, 223], [356, 224], [356, 225], [356, 226], [356, 228], [356, 229], [356, 231], [356, 233], [354, 237], [354, 241], [352, 245], [352, 248], [351, 251], [351, 253], [351, 254], [349, 254]]
[[354, 234], [354, 237], [354, 238], [354, 239], [354, 241], [354, 243], [354, 246], [353, 248], [353, 250], [353, 252], [352, 254], [352, 256], [352, 259], [350, 261], [350, 263], [350, 265], [349, 267], [349, 269], [349, 272], [347, 273], [347, 274], [347, 276], [347, 278], [346, 278], [346, 279]]
[[350, 250], [350, 251], [350, 252], [350, 253], [350, 255], [350, 257], [350, 259], [350, 261], [350, 263], [349, 266], [349, 268], [349, 270], [349, 271], [348, 273], [348, 274], [348, 275], [348, 276], [346, 278], [346, 279], [346, 280], [344, 283], [344, 285], [342, 287], [342, 289], [341, 291], [341, 293], [340, 294], [338, 296], [337, 299]]
[[202, 305], [203, 305], [203, 306], [204, 306], [204, 307], [206, 307], [206, 309], [207, 309], [207, 310], [208, 310], [208, 311], [209, 311], [209, 313], [211, 313], [211, 315], [213, 317], [215, 319], [218, 322], [219, 323], [219, 324], [222, 327], [224, 329], [225, 331], [228, 333], [229, 334], [231, 336], [233, 336], [234, 336], [235, 336], [236, 336]]
[[207, 303], [207, 305], [209, 305], [209, 307], [211, 307], [212, 308], [215, 310], [218, 310], [219, 312], [221, 312], [223, 314], [225, 314], [227, 316], [229, 318], [232, 319], [233, 321], [234, 322], [236, 324], [237, 327], [237, 328], [240, 328], [240, 329], [241, 329], [241, 328]]
[[206, 304], [207, 306], [210, 307], [211, 308], [212, 310], [215, 311], [217, 313], [218, 314], [220, 316], [222, 317], [224, 319], [226, 320], [228, 320], [229, 322], [230, 322], [232, 323], [233, 323]]
[[205, 306], [206, 306], [207, 307], [209, 309], [211, 311], [213, 313], [216, 316], [218, 318], [219, 319], [221, 321], [223, 322], [225, 325], [228, 326], [230, 328], [232, 329], [234, 331], [235, 331], [236, 333], [238, 333], [239, 334], [240, 334], [242, 334], [243, 334], [243, 336]]
[[218, 316], [220, 317], [220, 318], [223, 318], [224, 320], [226, 320], [227, 322], [229, 322], [231, 323], [232, 323], [233, 325], [235, 325], [237, 326], [239, 326], [241, 329], [244, 329], [245, 331], [246, 331], [248, 332], [249, 332], [250, 334], [252, 334], [252, 335], [254, 335], [255, 335], [256, 335], [258, 335]]
[[230, 320], [233, 320], [234, 320], [235, 322], [238, 323], [239, 323], [239, 325], [241, 325], [241, 326], [243, 326], [245, 327], [246, 327], [247, 327], [249, 330], [250, 330], [251, 331], [253, 331], [254, 332], [255, 332], [257, 334], [258, 334], [258, 335], [260, 335], [260, 336], [263, 336], [264, 336], [266, 336], [268, 336], [270, 336], [272, 336], [273, 336], [275, 336]]
[[248, 331], [249, 331], [250, 331], [250, 332], [253, 332], [255, 332], [257, 333], [259, 333], [260, 333], [262, 335], [263, 335], [264, 335], [266, 336], [267, 336], [268, 336], [270, 338], [273, 338], [275, 339], [277, 339], [278, 339], [280, 339], [281, 339], [282, 339], [284, 339], [285, 339], [286, 337], [288, 337]]
[[264, 329], [265, 329], [265, 331], [267, 331], [269, 331], [269, 332], [271, 332], [273, 332], [275, 333], [276, 333], [277, 333], [279, 335], [280, 335], [281, 335], [283, 335], [284, 335], [285, 335], [287, 335], [289, 335], [291, 335], [293, 335], [295, 335], [295, 333], [297, 333]]
[[280, 336], [282, 336], [283, 336], [283, 338], [285, 338], [288, 338], [289, 338], [291, 337], [292, 337], [293, 336], [295, 336], [296, 334], [297, 334], [299, 334], [300, 333], [302, 333], [304, 332], [305, 332], [306, 330], [308, 330], [309, 330]]
[[292, 334], [294, 334], [295, 334], [298, 334], [299, 334], [301, 333], [302, 333], [303, 332], [305, 332], [306, 330], [308, 330], [310, 328], [311, 328], [313, 326], [314, 324], [315, 323], [318, 321], [320, 318]]
[[339, 290], [339, 292], [338, 293], [338, 294], [337, 294], [337, 296], [335, 298], [335, 299], [332, 302], [330, 304], [329, 306], [327, 308], [326, 310], [325, 311], [323, 313], [322, 314], [320, 315], [319, 317], [317, 319], [314, 321], [313, 321], [313, 324], [312, 324]]
[[336, 292], [336, 294], [335, 295], [335, 296], [334, 299], [334, 300], [333, 301], [331, 303], [331, 305], [329, 306], [327, 308], [326, 309], [325, 311], [323, 312], [322, 313], [319, 316], [318, 316], [318, 317], [317, 317], [317, 318], [316, 318]]
[[334, 294], [334, 295], [334, 296], [334, 298], [334, 300], [334, 301], [334, 302], [334, 304], [334, 305], [331, 307], [330, 309], [328, 310], [327, 311], [326, 313], [324, 314], [323, 316], [321, 317], [320, 319], [319, 320], [317, 321], [316, 321], [314, 324], [313, 324], [313, 325], [311, 325], [309, 326], [308, 326], [307, 329]]
[[366, 231], [366, 232], [366, 234], [366, 235], [366, 236], [366, 237], [365, 237], [365, 240], [363, 240], [363, 242], [362, 243], [360, 245], [359, 246], [358, 246], [358, 247], [357, 247], [357, 249], [355, 249], [355, 250], [354, 250], [353, 251], [351, 251], [351, 253], [350, 253], [349, 253]]
[[365, 237], [364, 238], [364, 239], [364, 241], [364, 242], [364, 243], [362, 243], [362, 244], [361, 244], [361, 247], [360, 247], [360, 248], [358, 248], [357, 249], [356, 249], [356, 251], [354, 251], [354, 252], [353, 252], [353, 253], [352, 253], [350, 255], [349, 255], [349, 256], [348, 256], [347, 256], [345, 256]]
[[357, 252], [357, 254], [357, 256], [357, 258], [357, 259], [357, 261], [357, 263], [357, 266], [357, 269], [359, 274], [359, 277], [359, 280]]
[[355, 263], [355, 265], [355, 267], [357, 268], [357, 269], [357, 271], [358, 272], [358, 274], [358, 276], [358, 278], [358, 281], [358, 284], [360, 289], [360, 293], [360, 297], [360, 301], [360, 305], [360, 311], [360, 317], [360, 323], [360, 326], [360, 328]]
[[355, 287], [355, 289], [355, 292], [357, 293], [357, 295], [357, 297], [357, 300], [357, 303], [357, 306], [357, 309], [357, 312], [357, 315], [357, 318], [357, 321], [357, 324], [357, 327], [357, 330], [357, 334], [357, 340], [356, 344], [356, 347], [356, 350], [356, 354], [356, 358], [356, 361], [356, 363], [356, 365], [356, 366]]
[[356, 312], [356, 313], [356, 314], [356, 316], [356, 318], [356, 319], [356, 321], [356, 323], [356, 325], [356, 328], [356, 331], [356, 334], [356, 337], [356, 340], [356, 343], [356, 346], [354, 349], [354, 352], [354, 354], [354, 356], [354, 358], [354, 360], [354, 362], [354, 363], [354, 364], [354, 366], [354, 367], [354, 368], [354, 369]]
[[355, 332], [355, 333], [355, 335], [355, 336], [355, 337], [355, 339], [355, 342], [355, 345], [355, 348], [355, 352], [354, 357], [354, 361], [354, 366], [354, 369], [352, 371], [352, 373], [352, 375], [352, 377], [352, 379], [351, 382], [351, 385], [351, 388], [351, 391], [351, 394], [351, 396], [349, 397], [349, 398], [349, 400]]
[[351, 359], [351, 360], [351, 362], [351, 364], [351, 367], [351, 370], [351, 373], [351, 376], [350, 382], [350, 387], [350, 394], [346, 402], [346, 409], [346, 414], [345, 419], [345, 422], [345, 424], [345, 425], [345, 426]]
[[283, 340], [284, 340], [285, 340], [287, 340], [289, 340], [292, 341], [294, 343], [295, 345], [297, 347], [297, 349], [298, 349], [298, 351], [299, 352], [299, 354], [301, 354], [301, 355], [302, 356], [304, 358], [305, 360], [307, 361], [307, 363], [308, 363], [308, 365], [309, 365], [309, 366], [310, 367], [312, 369], [313, 371], [315, 373], [315, 375], [317, 375], [317, 376], [318, 376], [318, 377], [320, 377], [320, 378], [322, 378], [322, 380], [323, 380], [323, 382], [324, 382], [324, 384], [326, 385], [326, 387], [327, 388], [329, 390], [330, 393], [330, 394], [331, 394], [331, 395], [333, 395], [333, 397], [334, 397], [334, 399], [335, 401], [335, 403], [337, 404], [337, 407], [338, 407], [338, 409], [340, 410], [340, 411], [341, 411], [341, 414], [342, 414], [342, 417], [344, 418], [344, 419], [345, 421], [345, 422], [345, 423]]
[[261, 336], [261, 337], [261, 338], [261, 340], [261, 341], [263, 341], [263, 342], [263, 343], [263, 345], [263, 346], [264, 346], [264, 347], [264, 349], [264, 350], [264, 351], [265, 351], [265, 352], [265, 354], [265, 355], [265, 356], [265, 358], [265, 359], [265, 360], [265, 361], [266, 361], [266, 363], [266, 364], [266, 365], [268, 365], [268, 366], [269, 366], [269, 368], [270, 368], [270, 369], [272, 370], [273, 370], [273, 372], [274, 372], [274, 373], [276, 374], [277, 376], [279, 377], [280, 377], [280, 379], [281, 379], [282, 379], [284, 380], [285, 380], [286, 380], [286, 381], [288, 381], [289, 381], [290, 381], [290, 383], [292, 383], [294, 383], [294, 384], [295, 384], [296, 385], [298, 385], [298, 387], [299, 387], [299, 388], [300, 388], [300, 389], [301, 389], [301, 390], [303, 390], [303, 392], [304, 394], [304, 395], [305, 395], [305, 396], [305, 398], [307, 398], [307, 399], [307, 400], [307, 402], [308, 403], [308, 404], [308, 406], [308, 407], [308, 408], [308, 409], [309, 409], [309, 411], [309, 412], [309, 413], [309, 415], [309, 416], [309, 417], [311, 417], [311, 418], [311, 420], [311, 422], [311, 423]]
[[157, 346], [156, 346], [155, 346], [154, 346], [152, 346], [151, 346], [150, 346], [150, 347], [149, 347], [147, 347], [146, 347], [146, 349], [145, 349], [143, 349], [143, 350], [142, 350], [141, 350], [141, 351], [140, 351], [138, 351], [137, 353], [136, 353], [134, 354], [133, 354], [133, 355], [132, 355], [132, 357], [130, 358], [129, 359], [129, 361], [127, 361], [127, 362], [127, 363], [126, 363], [126, 365], [125, 365], [125, 366], [125, 367], [124, 367], [124, 368], [124, 370], [122, 370], [122, 371], [122, 372], [122, 374], [122, 376], [121, 376], [121, 377], [121, 378], [121, 379], [120, 379], [120, 381], [120, 383], [120, 384], [119, 384], [119, 385], [119, 387], [117, 389], [117, 391], [116, 393], [116, 394], [116, 395], [114, 395], [114, 397], [114, 399], [113, 399], [113, 401], [113, 404], [112, 405], [112, 407], [112, 409], [110, 412], [110, 413], [110, 415], [110, 417], [110, 418], [109, 421], [109, 422], [109, 423], [109, 424], [109, 427], [109, 428], [109, 430], [109, 433], [109, 437], [107, 442]]
[[126, 360], [124, 360], [124, 361], [123, 364], [123, 365], [122, 365], [122, 366], [120, 368], [120, 370], [119, 371], [119, 373], [117, 376], [117, 378], [116, 381], [116, 384], [116, 387], [114, 389], [114, 391], [114, 393], [113, 397], [113, 400], [111, 403], [111, 406], [111, 409], [109, 412], [109, 415], [109, 418], [109, 422], [107, 428], [107, 433], [106, 438], [106, 442], [104, 446], [104, 449], [104, 451], [102, 453], [102, 454]]
[[179, 364], [179, 365], [181, 367], [181, 368], [182, 368], [182, 369], [183, 371], [185, 372], [186, 373], [187, 375], [189, 377], [190, 379], [190, 381], [192, 381], [192, 382], [193, 383], [193, 385], [194, 385], [194, 386], [197, 387], [198, 389], [200, 390], [201, 392], [201, 393], [202, 393], [202, 394], [204, 394], [204, 395], [205, 395], [205, 397], [206, 397], [206, 398], [207, 398], [207, 399], [209, 399], [209, 401], [210, 401], [210, 402], [211, 403], [211, 405], [213, 405], [213, 406], [214, 408], [214, 410], [216, 413], [216, 415], [217, 416], [217, 417], [217, 419], [218, 419], [218, 421], [218, 423], [218, 424], [220, 426], [220, 427], [220, 428], [220, 429], [220, 431], [220, 432], [220, 433], [220, 435], [221, 436], [221, 437]]
[[206, 335], [206, 336], [206, 338], [207, 338], [207, 339], [207, 340], [208, 340], [208, 342], [208, 344], [210, 346], [210, 348], [210, 349], [211, 349], [211, 351], [211, 352], [211, 353], [211, 355], [211, 356], [212, 356], [212, 357], [212, 358], [212, 360], [214, 360], [214, 361], [214, 362], [214, 363], [215, 365], [215, 367], [215, 368], [217, 370], [217, 372], [217, 373], [217, 374], [218, 377], [218, 379], [218, 381], [218, 383], [218, 385], [218, 386], [218, 389], [218, 391], [218, 392], [218, 393], [218, 395], [218, 397], [218, 398], [218, 400], [218, 402], [218, 404], [218, 407], [218, 409], [218, 410], [218, 412], [218, 413], [218, 415], [218, 417], [218, 419], [218, 422], [218, 425], [218, 427], [218, 428]]
[[218, 389], [219, 389], [222, 389], [224, 389], [225, 389], [226, 389], [228, 389], [229, 389], [229, 390], [230, 390], [232, 390], [232, 392], [234, 392], [235, 392], [236, 392], [236, 393], [237, 393], [239, 393], [240, 393], [240, 394], [241, 394], [243, 394], [244, 396], [245, 396], [247, 397], [248, 397], [248, 398], [249, 398], [249, 399], [250, 399], [252, 401], [253, 402], [255, 402], [255, 404], [256, 404], [256, 405], [257, 405], [259, 406], [260, 406], [261, 406]]
[[289, 388], [288, 388], [287, 388], [287, 390], [285, 390], [285, 391], [283, 391], [281, 392], [279, 392], [278, 394], [275, 394], [275, 395], [274, 395], [273, 397], [271, 397], [271, 398], [270, 399], [270, 401], [269, 401], [269, 402], [268, 402], [268, 403], [266, 405], [265, 405], [265, 406], [264, 406], [262, 408], [261, 410], [259, 413]]
[[215, 360], [215, 358], [216, 358], [216, 359], [217, 359], [217, 360], [218, 360], [220, 361], [221, 361], [221, 362], [222, 362], [223, 362], [223, 364], [225, 364], [226, 364], [226, 365], [227, 365], [228, 365], [228, 366], [230, 366], [231, 366], [232, 366], [232, 368], [234, 368], [235, 368], [236, 368], [237, 368], [239, 368], [240, 368], [241, 368], [243, 368]]
[[246, 362], [245, 362], [245, 364], [244, 364], [244, 365], [242, 366], [242, 368], [242, 369], [242, 370], [243, 370], [244, 370], [244, 371], [245, 371], [246, 371], [248, 371], [249, 371], [249, 370], [250, 370], [250, 369], [250, 367], [250, 366], [250, 365], [250, 363], [249, 363], [249, 362], [247, 362], [246, 362], [245, 362], [244, 362], [244, 364], [242, 364], [242, 365]]
[[262, 348], [262, 349], [262, 351], [262, 352], [262, 353], [260, 353], [260, 355], [260, 356], [259, 356], [259, 357], [258, 357], [258, 358], [258, 360], [257, 360], [257, 361], [255, 361], [255, 362], [254, 362], [254, 364], [253, 364], [253, 365], [251, 365]]
[[69, 436], [71, 436], [72, 436], [73, 436], [75, 437], [76, 437], [77, 437], [77, 439], [78, 439], [80, 439], [81, 440], [82, 440], [85, 440], [86, 441], [88, 441], [89, 441], [91, 443], [92, 443], [93, 443], [95, 443], [96, 444], [97, 444], [99, 444], [100, 444], [100, 446], [101, 446], [102, 446], [104, 446], [104, 447], [105, 447], [106, 447], [108, 448], [110, 448], [111, 448], [112, 448], [114, 448], [115, 448], [116, 448], [118, 448], [120, 450], [121, 450], [122, 450], [124, 450], [125, 450], [126, 450], [126, 451], [127, 451], [129, 451], [131, 451], [132, 451], [133, 451], [135, 451], [136, 451], [137, 451], [139, 451], [140, 451], [141, 451], [142, 451], [144, 451], [145, 451], [146, 451], [148, 451], [151, 451], [152, 451], [153, 452], [154, 452], [156, 452], [157, 452], [159, 452], [160, 452], [162, 452], [164, 452], [166, 452], [168, 452], [168, 454], [170, 454], [172, 454], [175, 454], [177, 454], [178, 454], [178, 453], [179, 453], [181, 453], [182, 453], [183, 453], [184, 453], [184, 452], [186, 452], [187, 452], [188, 452], [189, 452], [191, 452], [192, 452], [192, 451], [193, 451], [195, 451], [196, 451], [196, 450], [197, 450], [198, 450], [200, 450], [201, 450], [202, 450], [202, 448], [204, 448], [205, 448], [206, 448], [207, 448], [207, 447], [209, 447], [210, 447], [211, 447], [213, 447], [214, 447], [215, 447], [215, 446], [216, 446], [218, 446], [219, 446], [221, 446], [222, 446], [224, 446], [225, 446], [226, 446], [227, 446], [229, 446], [230, 444], [231, 444], [233, 444], [234, 444], [235, 444], [237, 444], [240, 444], [240, 443], [242, 443], [244, 443], [246, 443], [248, 443], [250, 443], [250, 442], [252, 442], [254, 442], [255, 442], [256, 440], [258, 440], [259, 440], [260, 440], [261, 440], [263, 440], [265, 440], [267, 440], [268, 440], [268, 439], [270, 439], [271, 439], [272, 439], [273, 439], [275, 439], [276, 439], [277, 439], [279, 439], [280, 439], [280, 438], [281, 438], [282, 438], [284, 438], [285, 438], [286, 438], [288, 438], [289, 438], [290, 436], [291, 436], [293, 436], [294, 436], [295, 436], [297, 436], [297, 435], [298, 435], [299, 435], [300, 435], [300, 434], [302, 434], [303, 434], [304, 434], [306, 432], [307, 432], [308, 432], [310, 432], [311, 432], [312, 432], [312, 431], [313, 431], [315, 431], [316, 431], [317, 431], [317, 430], [319, 430], [320, 430], [321, 430], [322, 430], [325, 428], [326, 428], [327, 428], [329, 427], [332, 427], [334, 425], [336, 425], [339, 423], [342, 423], [346, 420], [351, 420], [356, 420], [363, 420], [372, 420], [379, 420]]
[[275, 307], [277, 307], [278, 307], [279, 307], [280, 307], [282, 307], [283, 307], [284, 307], [286, 307], [287, 307], [288, 307], [289, 307], [291, 307], [292, 307], [293, 307], [294, 307], [294, 306], [296, 306]]
[[221, 265], [221, 267], [221, 268], [221, 269], [221, 270], [219, 272], [219, 273]]
[[228, 269], [228, 271], [228, 272], [228, 273]]
[[234, 271], [234, 272], [234, 273]]
[[243, 271], [243, 272], [243, 273], [243, 274]]
[[251, 271], [251, 272], [251, 273], [251, 274], [251, 276], [251, 277]]
[[313, 272], [313, 273], [313, 274], [313, 276], [313, 277], [313, 278]]
[[320, 274], [320, 275], [320, 276], [320, 277]]
[[328, 274], [328, 276], [328, 278]]
[[339, 270], [340, 270], [340, 272], [340, 274], [340, 275]]
[[181, 416], [180, 418], [180, 420], [180, 421], [180, 423], [178, 425], [178, 427], [178, 430], [177, 432], [177, 433], [177, 434], [177, 436], [177, 437], [177, 438], [177, 439], [177, 441], [177, 442], [177, 443], [177, 445]]
[[176, 431], [176, 432], [176, 435], [176, 437], [176, 438], [176, 439], [176, 441], [176, 442], [175, 442], [175, 444], [175, 446], [175, 448], [176, 450]]
[[109, 419], [110, 419], [111, 419], [112, 419], [114, 419], [115, 419], [116, 419], [118, 419], [119, 419], [120, 419], [121, 419], [123, 419], [124, 419], [125, 419], [126, 419], [126, 420], [128, 420], [129, 420], [130, 420], [132, 422], [133, 422], [134, 422], [134, 423], [136, 423], [137, 423], [137, 424], [138, 424], [139, 424], [141, 424], [142, 426], [143, 426], [145, 426], [146, 426], [147, 426], [147, 427], [149, 427], [150, 427], [151, 427], [152, 427], [152, 428], [154, 428], [155, 428], [155, 430], [156, 430], [157, 430], [159, 431], [160, 431], [160, 432], [161, 432], [163, 435]]
[[309, 406], [310, 406], [310, 408], [310, 410], [310, 411], [310, 412], [310, 414], [310, 415], [310, 416], [310, 418], [310, 421], [310, 422], [310, 423], [310, 424], [310, 426], [308, 426], [308, 427], [308, 428]]
[[310, 412], [310, 413], [310, 414], [310, 416], [310, 417], [310, 418], [310, 420], [310, 421], [310, 423], [310, 424], [310, 426], [309, 429], [309, 431]]
