[[405, 74], [405, 75], [405, 76], [405, 79], [405, 81], [405, 83], [405, 84], [405, 85], [405, 87], [405, 88], [403, 90], [403, 92], [403, 94], [403, 96], [403, 97], [402, 98], [402, 100], [402, 101], [402, 102], [402, 104], [400, 104], [400, 105], [400, 106], [400, 107], [400, 109], [400, 110], [400, 111], [400, 113], [400, 114], [400, 115], [400, 116], [399, 118], [399, 119], [399, 120], [399, 122], [399, 124], [399, 126], [399, 128], [398, 130], [398, 132], [398, 134], [396, 135], [396, 136], [396, 139], [396, 141], [396, 142], [395, 143], [395, 145], [395, 146], [393, 147], [393, 149], [393, 150], [392, 151], [392, 153], [392, 154], [391, 154], [391, 156], [391, 159], [391, 160], [391, 162], [391, 164], [391, 166], [391, 169], [391, 172], [389, 174], [389, 176], [389, 179], [387, 182], [387, 185], [387, 188], [386, 190], [386, 192], [386, 195], [386, 197], [386, 199], [386, 201], [386, 204], [386, 207], [386, 209], [386, 213], [386, 219], [386, 222], [386, 225], [383, 228]]
[[397, 130], [397, 131], [397, 134], [397, 136], [395, 139], [395, 143], [395, 147], [393, 153], [393, 161], [393, 169], [391, 176], [391, 184], [391, 191], [389, 198], [389, 203], [389, 207], [387, 212], [387, 215], [387, 217], [387, 219], [386, 221]]
[[391, 177], [391, 179], [391, 181], [391, 184], [391, 188], [389, 194], [389, 201], [386, 208], [386, 215], [383, 222], [383, 229], [381, 236], [381, 241], [381, 246], [379, 252], [379, 256], [379, 262], [379, 265], [378, 266]]
[[398, 136], [398, 137], [398, 140], [399, 143], [399, 147], [401, 151], [401, 156], [403, 160], [403, 164], [406, 169], [408, 172], [408, 174], [411, 177], [411, 178], [413, 178], [413, 180]]
[[404, 160], [404, 163], [405, 164], [405, 167], [407, 169], [407, 171], [408, 173], [408, 175], [411, 179], [411, 182], [413, 185], [413, 187], [416, 190], [417, 193], [419, 195], [420, 196], [422, 198], [423, 198], [423, 199], [425, 199]]
[[410, 175], [411, 175], [411, 177], [412, 178], [412, 179], [414, 182], [414, 184], [417, 186], [418, 189], [420, 193], [421, 195], [423, 197], [423, 199], [425, 200], [425, 201], [427, 203], [427, 204], [429, 206], [429, 207], [430, 207]]
[[431, 208], [431, 209], [428, 212], [428, 214], [426, 219], [426, 224], [423, 230], [423, 234], [421, 240], [421, 244], [419, 247], [419, 250]]
[[427, 219], [427, 221], [426, 222], [426, 224], [424, 227], [422, 231], [421, 235], [419, 240], [417, 244], [415, 249], [413, 253], [413, 257], [410, 262], [410, 265], [409, 267]]
[[418, 248], [416, 249], [416, 251], [414, 255], [412, 259], [410, 265], [410, 272], [407, 278], [407, 282], [405, 285], [405, 287], [405, 289], [405, 291], [405, 292]]
[[417, 180], [418, 180], [421, 181], [423, 181], [426, 183], [429, 183], [432, 183], [435, 185], [437, 185], [442, 185], [446, 185], [451, 185], [454, 185], [456, 185], [457, 185]]
[[454, 185], [453, 187], [453, 189], [452, 193], [452, 198], [449, 206], [449, 214], [446, 222], [446, 230], [445, 236], [445, 239], [445, 240], [445, 242]]
[[448, 204], [448, 205], [448, 206], [448, 207], [448, 210], [448, 213], [448, 218], [448, 224], [447, 231], [447, 239], [445, 249], [445, 257], [443, 265], [443, 272], [441, 276], [441, 279], [441, 280]]
[[444, 263], [444, 264], [444, 266], [444, 268], [442, 270], [442, 271], [442, 272], [442, 274], [442, 275], [441, 277], [441, 279], [441, 282], [439, 284]]
[[215, 179], [217, 176], [218, 176], [220, 174], [221, 173], [223, 171], [226, 169], [229, 165], [233, 160], [238, 155], [243, 152], [247, 148]]
[[238, 165], [239, 165], [239, 164], [240, 162], [242, 160], [242, 159], [245, 157], [246, 156], [248, 153], [250, 151], [252, 148], [256, 145], [261, 142], [266, 139], [272, 136], [278, 132], [283, 130], [288, 128], [292, 126], [297, 124], [300, 122], [303, 121], [305, 121], [308, 118], [309, 118], [309, 116]]
[[247, 150], [249, 150], [250, 148], [252, 146], [254, 144], [256, 142], [258, 140], [262, 137], [266, 134], [270, 131], [277, 127], [285, 122], [292, 118], [299, 114], [307, 110], [314, 106], [320, 102], [326, 99], [332, 95], [338, 92], [342, 90], [347, 88], [350, 88], [353, 86], [355, 86]]
[[317, 108], [317, 107], [319, 106], [321, 104], [322, 104], [325, 101], [328, 100], [332, 98], [337, 96], [343, 93], [349, 90], [355, 87], [362, 84], [370, 82], [376, 80], [380, 80], [386, 76], [390, 76], [394, 73], [395, 73], [395, 72], [396, 72]]
[[334, 94], [335, 94], [337, 93], [338, 93], [339, 93], [341, 91], [342, 91], [343, 90], [345, 90], [347, 88], [349, 88], [351, 84], [354, 83], [356, 81], [358, 80], [360, 80], [363, 78], [366, 78], [369, 76], [371, 76], [373, 76], [375, 74], [377, 74], [379, 73], [380, 73], [381, 73], [383, 72], [384, 72], [386, 72], [386, 70], [388, 70], [389, 70], [391, 70], [392, 70]]
[[363, 79], [364, 79], [366, 79], [369, 79], [370, 79], [371, 79], [373, 79], [374, 79], [375, 79], [377, 79], [378, 78], [379, 78], [381, 78], [382, 78], [383, 76], [385, 76], [386, 76], [387, 76], [387, 75], [389, 75], [391, 75], [392, 75], [393, 75], [393, 74], [395, 74]]
[[385, 75], [388, 75], [390, 75], [392, 75], [394, 73], [396, 73], [398, 73], [398, 72], [401, 72], [403, 72], [404, 72], [404, 71], [405, 71], [407, 71]]
[[212, 175], [212, 176], [212, 177], [212, 179], [212, 182], [212, 187], [212, 193], [212, 198], [212, 205], [212, 210], [212, 214], [212, 218], [212, 223], [212, 225], [212, 226]]
[[212, 192], [212, 194], [212, 198], [212, 202], [212, 206], [214, 211], [214, 215], [214, 220], [214, 226], [214, 232], [216, 239], [216, 247], [218, 254], [218, 261], [220, 268], [220, 271], [220, 273], [222, 273]]
[[212, 210], [212, 213], [212, 215], [213, 217], [213, 219], [213, 221], [214, 223], [214, 226], [214, 229], [216, 233], [216, 237], [216, 242], [218, 248], [218, 254], [218, 259], [218, 263], [220, 266], [220, 269], [220, 272], [221, 275], [221, 277], [221, 278], [221, 279], [223, 281]]
[[226, 290]]
[[226, 289], [228, 287], [230, 285], [230, 284], [233, 281], [235, 279], [239, 275], [242, 272], [246, 268], [249, 266], [252, 263], [254, 262], [255, 260], [257, 260]]
[[240, 276], [242, 273], [243, 272], [245, 271], [247, 268], [251, 265], [254, 261], [258, 257], [260, 255], [263, 253], [265, 251], [267, 250], [270, 247], [274, 245], [276, 243], [278, 243], [280, 241], [281, 241], [282, 239]]
[[258, 256], [261, 255], [263, 252], [265, 250], [268, 248], [271, 244], [276, 240], [279, 238], [282, 236], [284, 235], [286, 233], [288, 232], [291, 230], [293, 228], [295, 226], [297, 226], [299, 223], [300, 223], [300, 222], [302, 222]]
[[285, 235], [287, 233], [289, 232], [292, 230], [296, 228], [298, 227], [300, 225], [302, 224], [304, 224], [305, 222], [306, 222], [309, 222], [309, 220], [310, 220], [311, 220]]
[[305, 217], [306, 217], [307, 217], [309, 217], [312, 217], [313, 217], [315, 217], [317, 219], [319, 219], [322, 220], [325, 220], [329, 225], [333, 227], [335, 230], [337, 231], [338, 233], [340, 233], [341, 236], [343, 236], [344, 238], [345, 238], [347, 240], [349, 242]]
[[317, 217], [318, 217], [319, 217], [322, 219], [324, 219], [326, 219], [328, 220], [330, 220], [333, 222], [336, 225], [339, 228], [343, 230], [346, 233], [349, 234], [351, 237], [353, 238], [355, 240], [359, 242], [362, 244], [365, 245], [369, 247], [372, 249], [375, 250], [379, 252], [381, 252]]
[[329, 226], [330, 226], [333, 228], [334, 228], [335, 228], [336, 228], [338, 229], [339, 229], [341, 231], [343, 231], [346, 233], [348, 235], [350, 236], [353, 238], [355, 239], [356, 241], [358, 242], [360, 243], [361, 245], [363, 246], [365, 248], [367, 248], [369, 250], [371, 252], [373, 253], [374, 254], [376, 256], [377, 257], [379, 259], [380, 259], [382, 261], [383, 262], [385, 262], [387, 265], [389, 265], [390, 266], [391, 266]]
[[369, 249], [371, 249], [372, 249], [374, 249], [376, 249], [380, 252], [383, 253], [386, 255], [391, 258], [395, 261], [397, 264], [398, 266], [401, 268], [402, 270], [404, 271], [405, 272], [406, 274], [408, 275], [408, 277], [410, 278], [410, 279], [412, 281], [412, 282], [414, 282]]
[[389, 260], [390, 262], [391, 263], [393, 265], [394, 268], [396, 270], [397, 272], [400, 275], [402, 280], [403, 283], [403, 285], [406, 289], [406, 292]]
[[306, 212], [306, 213], [306, 214], [306, 216], [306, 220], [306, 226], [306, 231], [306, 237], [306, 243], [306, 250], [306, 257], [306, 265], [308, 273], [308, 279], [308, 284], [308, 288], [310, 293]]
[[307, 241], [307, 244], [307, 247], [307, 251], [307, 256], [309, 261], [309, 268], [309, 275], [311, 283], [311, 294], [313, 305], [313, 315], [315, 323], [315, 331], [315, 337], [317, 340], [317, 342], [317, 344], [317, 346]]
[[313, 285], [313, 287], [314, 291], [314, 293], [314, 297], [316, 303], [316, 307], [316, 313], [318, 321], [318, 330], [320, 339], [320, 345], [322, 351], [322, 355], [323, 359], [323, 361], [325, 362], [325, 363], [326, 363], [326, 365]]
[[311, 357], [313, 356], [316, 356], [318, 355], [320, 355], [322, 353], [324, 353], [326, 353], [329, 352], [331, 352], [332, 352], [333, 352]]
[[322, 353], [324, 353], [325, 353], [326, 353], [328, 353], [329, 353], [330, 353], [331, 353], [333, 353], [334, 353], [335, 353], [337, 353], [340, 353]]
[[340, 353], [342, 353], [344, 353], [345, 353], [346, 353], [348, 353], [349, 355], [350, 355], [352, 355], [353, 355], [355, 356], [357, 356], [359, 356], [360, 356], [360, 358], [361, 358]]
[[346, 355], [348, 355], [349, 355], [350, 355], [352, 355], [353, 355], [354, 355], [355, 355], [357, 355], [358, 355], [359, 355], [361, 355], [362, 356], [364, 356], [366, 356], [368, 356], [371, 356], [373, 356], [375, 358], [376, 358], [378, 358], [380, 359]]
[[368, 357], [369, 357], [370, 357], [371, 357], [374, 357], [374, 358], [375, 358], [377, 358], [377, 359], [379, 359], [381, 359], [381, 360], [383, 360], [385, 360], [385, 362], [386, 362], [387, 362], [389, 363], [390, 363], [391, 363], [391, 364], [393, 364], [394, 364], [394, 366], [395, 366], [396, 366], [398, 366], [398, 367], [399, 367], [400, 367], [400, 368], [401, 368]]
[[402, 343], [402, 344], [402, 346], [402, 347], [402, 348], [402, 349], [402, 351], [402, 353], [402, 355], [402, 356], [402, 358], [402, 359], [402, 360], [402, 362], [401, 362], [401, 364]]
[[441, 288], [442, 288], [445, 288], [446, 288], [448, 288], [450, 288], [452, 288], [454, 288], [455, 288], [456, 288], [457, 288], [459, 288], [460, 288], [461, 288], [463, 288], [463, 286], [464, 286], [465, 286], [465, 285], [466, 285], [468, 285], [469, 284], [470, 284], [472, 284], [472, 282], [473, 282], [474, 282], [475, 282], [475, 281], [477, 281], [478, 281], [479, 281]]
[[483, 281], [481, 285], [481, 286], [479, 287], [479, 289], [476, 292], [476, 293], [475, 295], [475, 297], [474, 299], [474, 300], [472, 302], [472, 304], [472, 306], [471, 308], [471, 309], [471, 311]]
[[477, 289], [477, 291], [477, 293], [476, 295], [476, 298], [475, 301], [475, 306], [472, 310], [472, 313], [469, 316], [469, 319], [468, 321], [468, 323], [468, 325], [466, 327], [466, 330], [466, 333], [465, 335]]
[[471, 308], [471, 309], [471, 310], [471, 312], [471, 315], [470, 318], [470, 321], [469, 324], [469, 327], [467, 330], [467, 334], [465, 338], [465, 341], [465, 343], [464, 346], [464, 349], [464, 352], [464, 354], [464, 356], [464, 357], [464, 359]]
[[466, 331], [466, 332], [466, 334], [466, 335], [466, 336], [466, 338], [466, 339], [466, 340], [466, 341], [466, 344], [466, 346], [466, 350], [465, 354], [465, 357], [465, 359], [465, 360], [465, 361], [465, 363], [465, 364], [465, 365], [465, 368], [467, 370]]
[[466, 350], [466, 351], [466, 353], [466, 355], [466, 357], [466, 359], [466, 362], [466, 363], [466, 364], [466, 365], [466, 367], [466, 368], [466, 369], [466, 371], [466, 373], [466, 374], [466, 375], [466, 377], [467, 378], [467, 379], [467, 381]]
[[468, 365], [468, 366], [468, 367], [468, 369], [468, 370], [468, 372], [468, 373], [468, 374], [468, 376], [468, 378], [468, 380], [468, 381], [468, 382], [468, 384], [468, 385], [469, 385], [469, 386]]
[[468, 375], [468, 377], [468, 378], [468, 379], [469, 381], [469, 384], [469, 386], [469, 388], [469, 390], [470, 392], [470, 393], [470, 395], [470, 396]]
[[48, 110], [48, 111], [51, 112], [53, 115], [54, 117], [56, 120], [57, 122], [59, 125], [60, 128], [62, 131], [62, 134], [65, 138], [65, 141], [67, 145], [67, 148], [69, 150]]
[[54, 122], [54, 124], [57, 126], [57, 127], [59, 129], [59, 131], [61, 133], [61, 136], [64, 140], [64, 144], [67, 150], [67, 156], [70, 162], [70, 167], [74, 173], [75, 179], [77, 185], [79, 189], [81, 193], [83, 196], [83, 199], [84, 201]]
[[74, 172], [75, 174], [75, 175], [75, 176], [78, 179], [78, 181], [78, 183], [79, 186], [79, 190], [81, 195], [81, 198], [81, 201], [83, 204], [83, 208], [83, 212], [85, 218], [85, 223], [86, 227], [86, 230], [88, 232], [88, 234]]
[[43, 104], [46, 105], [48, 105], [50, 107], [53, 107], [57, 110], [62, 111], [66, 113], [69, 113], [73, 116], [76, 116], [80, 118], [85, 120], [89, 122], [94, 124], [98, 126], [104, 129], [109, 131], [112, 133]]
[[74, 116], [76, 116], [77, 116], [79, 118], [80, 118], [81, 120], [84, 120], [86, 121], [88, 121], [91, 123], [93, 123], [97, 125], [100, 127], [104, 129], [108, 130], [111, 132], [114, 134], [118, 135], [120, 137], [123, 139], [128, 140], [132, 142], [136, 145], [139, 147], [142, 149], [146, 151], [148, 152], [149, 152]]
[[124, 139], [125, 139], [126, 140], [128, 140], [131, 140], [133, 140], [136, 140], [139, 143], [141, 144], [143, 146], [147, 147], [149, 150], [151, 151], [153, 153], [156, 156], [158, 157], [160, 159], [163, 160], [165, 160], [167, 163], [168, 163], [170, 164]]
[[161, 160], [162, 160], [163, 160], [165, 161], [166, 161], [168, 163], [169, 163], [171, 163], [171, 164], [173, 164], [174, 164], [174, 165], [176, 165]]
[[175, 164], [175, 166], [175, 167], [175, 168], [175, 170], [175, 173], [175, 175], [175, 178], [175, 181], [175, 184], [175, 187], [175, 190], [175, 194], [175, 196], [174, 197]]
[[174, 169], [174, 170], [174, 172], [174, 175], [174, 179], [174, 183], [173, 188], [173, 192], [171, 198], [171, 203], [169, 209], [169, 213], [167, 218], [165, 222], [165, 227], [162, 232], [162, 235], [160, 237]]
[[169, 190], [169, 192], [169, 193], [169, 194], [169, 196], [169, 199], [169, 202], [169, 205], [169, 209], [165, 215], [163, 221], [161, 225], [159, 228], [158, 232], [156, 235], [156, 239], [153, 243], [153, 246], [151, 248], [151, 250], [150, 251], [150, 253], [148, 253]]
[[79, 196], [79, 198], [79, 199], [79, 201], [79, 203], [79, 205], [79, 208], [77, 212], [77, 215], [77, 218], [77, 220], [77, 223], [77, 226], [75, 230], [75, 234], [74, 239], [72, 243], [72, 246], [69, 248], [69, 250], [68, 252]]
[[20, 273], [21, 273], [23, 273], [25, 272], [26, 272], [28, 269], [32, 268], [35, 266], [38, 264], [42, 263], [45, 261], [48, 261], [51, 260], [53, 260], [56, 258], [59, 257], [63, 255]]
[[40, 262], [42, 262], [44, 260], [45, 260], [46, 260], [48, 259], [49, 259], [50, 257], [52, 257], [55, 255], [57, 253], [60, 252], [63, 250], [68, 248], [71, 247], [75, 245], [78, 245], [81, 244], [84, 244], [87, 242], [89, 242], [91, 240], [93, 240], [94, 239], [96, 237]]
[[64, 253], [65, 252], [66, 252], [68, 252], [70, 251], [72, 251], [74, 250], [76, 250], [79, 248], [81, 248], [83, 247], [85, 247], [87, 247], [89, 245], [92, 245], [94, 244], [95, 244], [96, 244], [98, 242], [99, 242], [101, 241], [103, 241]]
[[101, 235], [101, 237], [101, 239], [101, 242], [101, 246], [101, 251], [101, 258], [101, 265], [101, 271], [101, 277], [101, 284], [102, 292], [102, 297], [102, 303], [102, 308], [102, 312], [102, 315], [102, 317]]
[[100, 268], [100, 269], [100, 271], [100, 274], [100, 277], [100, 281], [100, 286], [100, 289], [100, 292], [100, 295], [100, 298], [100, 303], [100, 307], [100, 312], [100, 319], [100, 324], [99, 330], [99, 334], [99, 337], [98, 339], [98, 341]]
[[102, 237], [105, 237], [106, 238], [108, 239], [111, 241], [113, 242], [116, 242], [119, 244], [123, 244], [126, 244], [128, 244], [131, 244], [133, 244], [134, 245], [135, 245], [137, 247], [138, 247], [138, 250], [140, 250]]
[[114, 240], [115, 240], [117, 242], [120, 242], [123, 243], [126, 243], [129, 245], [132, 245], [135, 246], [137, 246], [139, 248], [141, 248], [143, 249], [145, 249], [146, 251], [147, 251], [149, 252], [149, 253]]
[[120, 241], [121, 242], [123, 242], [127, 244], [130, 244], [133, 246], [136, 248], [138, 248]]
[[147, 249], [147, 252], [147, 256], [147, 262], [147, 267], [147, 273], [147, 278], [147, 284], [148, 288], [148, 291], [148, 294], [148, 297], [148, 300], [150, 304], [150, 307], [150, 309]]
[[147, 275], [147, 276], [147, 278], [147, 281], [148, 284], [148, 290], [148, 295], [148, 301], [148, 306], [148, 311], [148, 315], [148, 321], [148, 325], [148, 329], [148, 333], [148, 339], [148, 343], [148, 347], [148, 351], [148, 354], [148, 357], [148, 359]]
[[149, 312], [149, 313], [149, 315], [149, 317], [149, 319], [149, 322], [149, 325], [149, 328], [149, 332], [149, 338], [149, 343], [149, 347], [148, 352], [148, 355], [148, 357], [146, 359], [146, 361], [146, 362]]
[[36, 308], [35, 308], [35, 309], [35, 312], [37, 313], [37, 314], [39, 316], [41, 317], [42, 319], [44, 321], [46, 323], [48, 327], [50, 330], [52, 333], [54, 337], [56, 339], [57, 340], [60, 340]]
[[36, 310], [35, 310], [35, 308], [35, 309], [37, 311], [38, 312], [40, 314], [42, 315], [44, 317], [47, 318], [48, 320], [50, 322], [52, 323], [53, 325], [55, 326], [56, 326], [56, 328], [58, 328], [58, 330], [59, 330], [59, 331]]
[[33, 305], [36, 307], [37, 307], [38, 309], [40, 310], [41, 312], [43, 314], [44, 316], [46, 319], [47, 321], [49, 323], [50, 325], [52, 327], [53, 329], [54, 330], [57, 332], [58, 333], [59, 333], [59, 335], [61, 335], [61, 336], [62, 336], [63, 336]]
[[16, 337], [16, 338], [14, 338], [13, 338], [15, 338], [16, 338], [17, 338], [19, 338], [22, 338], [25, 338], [28, 338], [31, 338], [35, 338], [39, 335], [43, 335], [48, 333], [52, 333], [56, 333], [60, 333], [66, 333], [71, 333], [74, 333], [77, 333], [80, 333], [83, 333], [86, 333], [88, 331]]
[[33, 330], [33, 332], [33, 333]]
[[29, 334], [30, 334], [32, 334], [35, 334], [38, 334], [41, 334], [44, 334], [47, 336], [50, 336], [54, 336], [58, 335], [62, 335], [67, 335], [72, 335], [77, 335], [82, 335], [85, 336], [88, 336], [90, 337], [91, 337], [93, 337], [93, 339], [94, 339], [94, 338], [94, 336]]
[[41, 337], [42, 337], [43, 337], [44, 337], [46, 337], [48, 337], [50, 337], [52, 337], [55, 338], [58, 338], [60, 338], [63, 338], [66, 338], [69, 338], [73, 338], [78, 338], [81, 338], [83, 338], [84, 338], [85, 338], [87, 338], [88, 338], [89, 338]]
[[89, 334], [92, 334], [93, 336], [95, 337], [98, 339], [100, 340], [102, 342], [104, 343], [107, 345], [109, 347], [111, 348], [114, 351], [116, 352], [118, 354], [120, 355], [122, 357], [124, 359], [125, 360]]
[[101, 338], [102, 338], [105, 340], [107, 340], [109, 343], [111, 345], [115, 347], [117, 350], [119, 352], [122, 354], [125, 358], [129, 361], [134, 365], [138, 370], [141, 374], [145, 377], [147, 380], [151, 382], [153, 385], [155, 387], [157, 388], [158, 388], [158, 390]]
[[88, 378], [89, 378], [90, 378], [91, 378], [93, 378], [95, 377], [97, 377], [100, 375], [104, 375], [109, 372], [113, 372], [117, 372], [122, 370], [126, 370], [129, 370], [132, 370], [134, 369], [136, 369]]
[[100, 372], [100, 373], [101, 373], [103, 373], [104, 373], [107, 373], [109, 373], [112, 373], [115, 373], [119, 373], [123, 372], [127, 372], [132, 370], [135, 370], [138, 370], [141, 369], [143, 369], [145, 369], [149, 367], [151, 367], [152, 367], [153, 366], [155, 366]]
[[104, 369], [106, 369], [108, 369], [111, 369], [114, 369], [117, 369], [120, 369], [122, 369], [124, 369], [126, 369], [128, 369], [131, 369], [134, 369], [136, 369], [139, 369], [141, 369], [143, 369], [145, 369], [147, 369], [148, 369], [150, 369], [151, 369], [152, 369], [155, 369], [156, 369], [156, 367]]
[[125, 371], [127, 371], [128, 371], [130, 372], [132, 372], [134, 372], [136, 372], [138, 372], [140, 372], [143, 372], [145, 372], [146, 372], [147, 372], [149, 372], [150, 373], [152, 373], [154, 373], [156, 373], [158, 373], [160, 373], [161, 373], [162, 373], [164, 373]]
[[150, 373], [151, 373], [153, 373], [154, 375], [155, 375], [157, 375], [158, 375], [159, 375], [161, 375], [163, 375], [165, 375], [166, 375], [167, 375], [169, 375]]
[[165, 369], [167, 371], [169, 373], [171, 374], [174, 376], [177, 378], [181, 380], [186, 383], [191, 386], [196, 390], [200, 392], [204, 395], [206, 396], [207, 396], [207, 399], [209, 399]]
[[177, 376], [178, 377], [179, 379], [182, 380], [184, 382], [187, 383], [190, 385], [193, 387], [196, 388], [201, 391], [204, 394], [206, 396], [209, 398], [210, 401], [212, 402], [213, 403], [213, 405], [215, 405], [215, 406], [216, 406]]
[[174, 368], [177, 370], [178, 371], [180, 372], [183, 374], [185, 375], [187, 378], [190, 380], [191, 382], [193, 385], [197, 388], [199, 391], [202, 393], [204, 395], [206, 397], [208, 398], [209, 399], [210, 401], [213, 403], [214, 405], [216, 406]]
[[177, 378], [179, 382], [179, 383], [181, 383], [182, 385], [184, 385], [185, 387], [187, 387], [189, 389], [192, 389], [194, 391], [196, 395], [200, 397], [203, 400], [207, 402], [210, 405], [213, 407], [214, 410], [216, 411], [217, 412], [218, 414], [220, 415], [221, 415]]
[[133, 437], [134, 437], [135, 437], [137, 437], [139, 437], [142, 437], [145, 436], [149, 436], [155, 434], [163, 432], [171, 430], [179, 430], [188, 428], [193, 428], [198, 426], [201, 426], [203, 423], [204, 423]]
[[158, 428], [157, 428], [157, 429], [156, 429], [156, 430], [156, 432], [154, 432], [153, 432], [153, 433], [152, 433], [151, 433], [149, 433], [148, 433]]
[[131, 432], [134, 432], [137, 432], [140, 432], [143, 429], [147, 429], [152, 426], [156, 425], [162, 425], [167, 425], [172, 423], [176, 423], [180, 421], [183, 421]]
[[139, 433], [141, 433], [144, 433], [145, 433], [147, 432], [150, 432], [153, 430], [159, 428], [165, 428], [170, 426], [176, 426], [180, 426], [183, 426], [186, 426], [188, 426], [190, 426], [192, 424]]
[[145, 431], [146, 429], [148, 429], [150, 427], [153, 427], [155, 425], [157, 425], [159, 424], [161, 424], [163, 424], [167, 422], [170, 422], [173, 422], [176, 420], [179, 420], [182, 420], [185, 420], [188, 419], [191, 419], [193, 419], [195, 417], [197, 417], [198, 417], [200, 417]]
[[171, 426], [175, 426], [176, 426], [178, 424], [180, 424], [183, 423], [185, 423], [187, 423], [189, 423], [191, 423], [192, 423], [194, 423], [197, 421], [199, 421], [201, 421], [204, 421], [206, 420], [208, 420], [210, 420], [212, 418], [213, 418], [214, 418]]
[[191, 425], [193, 425], [197, 424], [198, 424], [199, 424], [200, 424], [202, 424], [203, 424], [204, 424], [206, 424], [207, 423], [208, 423], [210, 421], [211, 421], [212, 420], [214, 420], [215, 420], [215, 418], [216, 418]]
[[174, 178], [175, 178], [175, 180], [177, 180], [178, 182], [180, 182], [181, 185], [183, 185], [184, 187], [186, 187], [189, 190], [191, 190], [193, 192], [195, 192], [197, 194], [199, 194], [199, 196]]
[[179, 183], [182, 183], [183, 185], [184, 185], [186, 187], [187, 189], [190, 190], [192, 192], [194, 192], [197, 195], [200, 197], [202, 197], [203, 198], [204, 198], [206, 200], [207, 200], [207, 201], [209, 201], [209, 204], [211, 204], [211, 205]]
[[183, 187], [184, 188], [188, 191], [189, 191], [191, 194], [194, 196], [196, 197], [198, 197], [200, 199], [202, 201], [204, 202], [205, 202], [205, 204], [206, 204], [206, 206], [208, 206]]
[[210, 214], [210, 216], [210, 217], [210, 219], [210, 221], [208, 223], [208, 226], [208, 229], [208, 232], [207, 237], [207, 241], [207, 244], [207, 246], [207, 248], [205, 249]]
[[210, 220], [210, 222], [210, 223], [210, 225], [210, 227], [210, 230], [209, 233], [209, 236], [209, 239], [209, 242], [208, 245], [208, 248], [208, 250], [208, 252], [208, 254], [208, 257], [208, 259], [208, 261]]
[[213, 210], [213, 209], [213, 210], [213, 212], [213, 213], [213, 214], [212, 216], [212, 218], [212, 221], [212, 224], [211, 228], [211, 231], [211, 234], [211, 237], [209, 239], [209, 241], [209, 243], [209, 244], [209, 247], [209, 248], [209, 249], [209, 251], [209, 253], [209, 256], [209, 258], [209, 260], [209, 261]]
[[210, 240], [210, 241], [210, 242], [210, 244], [209, 247], [209, 249], [209, 251], [209, 253], [209, 255], [208, 257], [208, 260], [208, 262], [208, 265], [208, 267], [208, 268], [208, 269], [208, 271], [206, 272], [206, 273], [206, 275]]
[[208, 247], [208, 250], [208, 251], [208, 252], [208, 253], [208, 255], [208, 258], [208, 260], [208, 262], [208, 264], [208, 266], [208, 268], [208, 270], [208, 271], [208, 272], [208, 273], [208, 275], [208, 276], [208, 277], [208, 280], [206, 280], [206, 281]]
[[149, 276], [150, 276], [153, 276], [157, 277], [160, 277], [163, 277], [166, 278], [169, 278], [173, 278], [177, 281], [182, 281], [185, 283], [188, 283]]
[[161, 276], [164, 276], [165, 276], [167, 278], [169, 278], [171, 278], [175, 279], [178, 279], [182, 279], [186, 281], [190, 281], [193, 281], [196, 281], [199, 281], [202, 283], [205, 283], [207, 285], [209, 287], [210, 287], [212, 289]]
[[184, 279], [185, 279], [186, 279], [189, 281], [191, 281], [193, 281], [195, 281], [198, 281], [202, 281], [205, 283], [208, 283], [211, 286], [214, 286], [217, 288], [220, 288], [222, 290], [224, 290], [226, 290], [227, 290], [229, 290]]
[[195, 283], [196, 283], [198, 283], [200, 284], [202, 284], [204, 284], [205, 284], [208, 285], [211, 285], [214, 287], [217, 287], [220, 287], [222, 289], [224, 289], [225, 289], [227, 289], [228, 290], [229, 290], [231, 291], [232, 291], [234, 293], [235, 293], [237, 293]]
[[224, 290], [226, 290], [227, 291], [228, 291], [230, 291], [232, 291], [232, 292], [234, 292], [235, 292], [237, 292], [239, 292], [240, 292], [241, 292], [241, 293], [243, 293], [244, 293], [245, 293]]
[[237, 293], [239, 293], [241, 293], [241, 294], [243, 294], [244, 294], [246, 294], [248, 296], [249, 296], [250, 296], [252, 296], [252, 297]]
[[250, 294], [250, 296], [250, 298], [252, 298], [252, 300], [253, 303], [253, 304], [253, 306], [255, 307], [255, 308], [255, 310], [256, 312], [256, 314], [257, 314]]
[[252, 295], [253, 297], [253, 299], [254, 299], [254, 302], [254, 304], [256, 305], [256, 306], [256, 307], [257, 309], [257, 310], [259, 312], [259, 314], [260, 314], [260, 315]]
[[149, 310], [152, 310], [153, 310], [155, 310], [157, 310], [160, 310], [163, 310], [166, 310], [169, 310], [172, 310], [175, 310], [177, 310], [179, 310], [180, 310], [181, 310]]
[[166, 310], [166, 308], [169, 308], [170, 308], [171, 307], [173, 307], [176, 307], [178, 307], [180, 307], [181, 307], [182, 307], [184, 307], [185, 307], [186, 307], [188, 307], [190, 307], [193, 307], [196, 307], [199, 307], [201, 307], [203, 307], [205, 307], [207, 307], [209, 307], [211, 309], [212, 309]]
[[169, 310], [170, 310], [172, 310], [174, 310], [176, 310], [178, 310], [180, 310], [182, 310], [184, 310], [188, 310], [193, 310], [195, 310], [197, 310], [199, 310], [201, 310], [203, 310], [206, 310], [208, 312], [210, 312], [212, 313], [214, 313], [217, 315], [218, 315], [219, 315], [221, 315]]
[[201, 312], [203, 312], [205, 311], [207, 311], [209, 311], [211, 311], [213, 311], [216, 311], [218, 311], [219, 311], [221, 313], [223, 313], [224, 313], [226, 314], [228, 314], [230, 314], [232, 314], [233, 314], [234, 316], [236, 316], [237, 316], [238, 316]]
[[214, 311], [216, 311], [218, 311], [220, 311], [222, 311], [224, 312], [226, 312], [228, 312], [230, 313], [232, 313], [233, 315], [236, 315], [237, 315], [238, 316], [240, 316], [241, 316], [242, 316], [243, 316], [245, 317], [247, 317], [248, 317], [250, 319], [251, 319], [252, 319], [254, 319], [255, 319], [256, 319], [257, 319], [259, 319], [260, 319]]
[[190, 309], [191, 309], [192, 309], [196, 310], [197, 310], [198, 312], [201, 315], [203, 317], [207, 320], [210, 325], [213, 328], [215, 330], [219, 332], [221, 334], [223, 334], [225, 336]]
[[201, 315], [202, 315], [204, 316], [206, 316], [208, 319], [211, 320], [215, 322], [218, 325], [222, 328], [225, 332], [229, 335], [232, 340], [233, 343], [235, 347], [237, 349], [238, 351], [239, 353]]
[[220, 332], [220, 331]]
[[204, 312], [205, 312], [205, 313], [207, 315], [208, 316], [211, 318], [213, 319], [215, 321], [218, 322], [223, 326], [228, 331], [233, 335], [239, 339], [244, 342], [246, 344], [248, 346], [250, 349], [250, 350], [252, 350], [252, 351]]
[[219, 324], [220, 324], [220, 325], [222, 325], [223, 327], [225, 329], [226, 330], [228, 331], [229, 333], [231, 334], [233, 336], [234, 337], [236, 337], [237, 339], [238, 339], [238, 342], [240, 342], [240, 344], [242, 345], [243, 347], [245, 350], [246, 351], [248, 351], [248, 352], [249, 352], [250, 354], [250, 355], [252, 355], [252, 356], [253, 356], [254, 356]]
[[259, 318], [260, 318], [262, 320], [264, 320], [266, 322], [268, 322], [271, 325], [273, 327], [275, 328], [277, 331], [280, 333], [282, 334], [284, 337], [286, 338]]
[[262, 317], [264, 318], [265, 318], [266, 320], [268, 320], [270, 324], [272, 325], [275, 327], [276, 330], [279, 332], [281, 335], [283, 338], [287, 340], [289, 343], [292, 345], [294, 346], [295, 348], [298, 350], [298, 351], [299, 351], [299, 353]]
[[291, 339], [291, 340], [292, 342], [294, 344], [294, 345], [297, 348], [297, 350], [300, 351], [302, 353], [303, 354], [304, 356], [304, 357], [306, 357], [306, 358], [309, 358], [310, 360], [311, 360], [311, 361], [313, 361]]
[[255, 359], [256, 359], [257, 359], [258, 359], [260, 359], [262, 359], [264, 359], [266, 361], [268, 361], [271, 361], [273, 362], [276, 362], [279, 362], [281, 364], [283, 364], [286, 364], [288, 363], [290, 363], [292, 363]]
[[263, 358], [266, 358], [267, 358], [270, 358], [272, 358], [274, 358], [276, 358], [278, 358], [281, 360], [284, 360], [288, 360], [291, 360], [294, 360], [296, 360], [298, 360], [299, 360], [302, 360], [304, 360], [305, 360]]
[[150, 341], [151, 341], [152, 341], [153, 341], [155, 341], [156, 341], [157, 341], [159, 341], [160, 341], [161, 341], [162, 341], [164, 341], [165, 341], [166, 341], [168, 341], [169, 341], [170, 341], [171, 341], [173, 341], [174, 341], [175, 341], [176, 341], [178, 341], [179, 341], [180, 341], [182, 341], [183, 341], [184, 341], [185, 341], [187, 341], [188, 341], [189, 341], [191, 341], [192, 341], [193, 341], [194, 341], [196, 341], [196, 343], [197, 343], [198, 343], [200, 343], [201, 344], [202, 344], [204, 344], [204, 345], [205, 345], [206, 345], [206, 347], [207, 347], [209, 347], [209, 348], [210, 348], [211, 348], [211, 349], [212, 349], [214, 349], [214, 350], [215, 350], [216, 352], [218, 352], [218, 353], [219, 353], [220, 353], [220, 354], [222, 354], [223, 356], [224, 356], [224, 357], [226, 357], [227, 357], [227, 358], [228, 358], [230, 360], [231, 360], [231, 361], [232, 361], [233, 361], [233, 362], [235, 364], [235, 365], [236, 365], [236, 366], [237, 366], [237, 368], [239, 368], [239, 369], [239, 370], [240, 370]]
[[257, 359], [257, 360], [256, 360], [256, 361], [255, 361], [253, 362], [252, 362], [251, 364], [249, 364], [249, 365], [248, 365], [247, 367], [245, 367], [245, 368], [244, 368], [243, 369], [241, 369], [241, 371], [240, 371], [240, 372]]
[[240, 372], [242, 372], [243, 372], [244, 372], [245, 372], [247, 372], [248, 372], [249, 372], [251, 372], [252, 372], [253, 372], [254, 372], [256, 372], [257, 372], [258, 372], [260, 372], [261, 372], [262, 372], [262, 373], [263, 373], [265, 373], [266, 373], [267, 373], [269, 373], [270, 373], [271, 373], [272, 373], [272, 374], [274, 374], [275, 374], [276, 374], [277, 374], [279, 374], [280, 374], [281, 374], [281, 376], [283, 376], [284, 376], [285, 376], [286, 376], [286, 377], [288, 377], [289, 377], [290, 377], [292, 377], [293, 377], [294, 377], [295, 377], [297, 377], [297, 378], [298, 378]]
[[311, 361], [311, 362], [310, 362], [308, 362], [308, 363], [307, 363], [307, 365], [306, 365], [306, 366], [304, 366], [304, 367], [303, 367], [302, 369], [300, 369], [300, 370], [299, 371], [298, 371], [298, 373], [296, 373], [296, 374], [295, 374], [295, 375], [294, 375], [292, 377], [290, 378], [289, 378]]
[[219, 208], [220, 208], [220, 206], [221, 206], [223, 205], [224, 205], [225, 203], [227, 203], [227, 202], [228, 201], [228, 199], [229, 199], [231, 199], [231, 198], [232, 198], [232, 197], [233, 197], [233, 196], [234, 196], [236, 194], [237, 194], [237, 193], [238, 193], [240, 191], [241, 190], [243, 189], [246, 187], [247, 187], [248, 186], [250, 186], [250, 184], [251, 184], [252, 184], [252, 183], [254, 183], [255, 182], [256, 182], [256, 180], [258, 180], [259, 179], [260, 178], [262, 178], [263, 176], [264, 176], [266, 175], [267, 175], [267, 173], [268, 173], [270, 172], [271, 172], [271, 171], [273, 171], [273, 169], [274, 169], [277, 168], [278, 168], [278, 167], [279, 167], [281, 167], [281, 165], [282, 165], [283, 165], [285, 164], [287, 164], [287, 163], [288, 163], [290, 161], [292, 160], [295, 160], [295, 158], [297, 158], [298, 157], [299, 157], [301, 156], [302, 156], [303, 156], [303, 154], [305, 154], [306, 153], [307, 153], [307, 152], [309, 152], [310, 150], [311, 150], [313, 149], [315, 149], [315, 147], [316, 147], [318, 147], [318, 146], [320, 146], [323, 145], [325, 145], [328, 143], [329, 143], [331, 143], [331, 142], [334, 142], [335, 142], [335, 141], [336, 141], [337, 141], [337, 139], [339, 139], [340, 139], [341, 138], [344, 138], [346, 136], [347, 136], [348, 136], [350, 135], [351, 135], [353, 133], [355, 133], [358, 133], [358, 132], [360, 132], [362, 132], [364, 132], [366, 132], [366, 131], [368, 131], [370, 131], [372, 131], [373, 131], [374, 129], [376, 129], [377, 129], [378, 129]]
[[221, 242], [222, 242], [224, 242], [224, 241], [227, 241], [228, 238], [230, 236], [231, 235], [232, 234], [234, 232], [235, 231], [238, 228], [239, 228], [240, 227], [243, 226], [245, 224], [246, 223], [248, 221], [249, 221], [251, 220], [253, 218], [255, 218], [256, 217], [259, 214], [261, 214], [263, 212], [265, 211], [267, 209], [270, 208], [272, 206], [274, 205], [276, 203], [279, 202], [280, 200], [281, 200], [283, 198], [284, 198], [286, 196], [287, 196], [288, 193], [290, 193], [291, 192], [292, 192], [294, 191], [295, 191], [297, 189], [298, 189], [299, 188], [301, 186], [303, 186], [303, 185], [305, 185], [306, 184], [309, 182], [311, 181], [313, 179], [314, 179], [317, 178], [318, 178], [320, 176], [322, 176], [324, 175], [325, 175], [326, 173], [328, 173], [329, 172], [330, 172], [332, 170], [333, 170], [334, 169], [337, 169], [338, 167], [339, 167], [341, 167], [343, 166], [344, 166], [346, 166], [348, 164], [350, 164], [352, 164], [354, 163], [356, 163], [359, 162], [361, 162], [363, 160], [365, 160], [367, 160], [369, 159], [372, 159]]
[[271, 169], [271, 168], [272, 168], [272, 167], [274, 167], [274, 166], [276, 166], [277, 164], [279, 164], [280, 162], [281, 162], [284, 160], [286, 160], [288, 157], [291, 155], [293, 154], [295, 152], [297, 152], [299, 150], [300, 150], [302, 147], [303, 145], [305, 144], [307, 142], [309, 142], [310, 141], [311, 141], [311, 139], [314, 139], [316, 138], [318, 138], [319, 136], [321, 136], [322, 134], [323, 134], [326, 133], [328, 133], [328, 132], [330, 132], [330, 130], [332, 130], [334, 129], [336, 129], [336, 127], [339, 127], [340, 127], [341, 126], [343, 126], [344, 126], [345, 125], [347, 125], [348, 123], [349, 123], [351, 122], [353, 122], [354, 120], [356, 120], [358, 120], [360, 120], [361, 119], [362, 119], [364, 119], [365, 119], [366, 118], [369, 118], [371, 116], [373, 116], [375, 116], [377, 115], [378, 115], [379, 115], [381, 113], [383, 113], [385, 112], [387, 112], [388, 110], [391, 110], [393, 110], [394, 110], [395, 110]]
[[428, 298], [427, 298], [427, 300], [426, 300], [426, 301], [426, 302], [425, 302], [425, 303], [423, 306], [423, 307], [422, 307], [422, 309], [421, 311], [421, 313], [419, 313], [419, 315], [418, 317], [418, 318], [418, 319], [417, 319], [417, 321], [417, 323], [415, 325], [415, 328], [415, 329], [414, 329], [414, 331], [414, 332], [414, 333], [414, 335]]
[[421, 313], [420, 313], [420, 314], [418, 316], [418, 317], [417, 317], [417, 318], [417, 320], [416, 320], [416, 322], [414, 324], [414, 325], [414, 327], [414, 329], [413, 329], [413, 330], [413, 332]]
[[423, 301], [425, 301], [427, 301], [429, 301], [429, 302], [430, 302], [431, 302], [433, 302], [434, 302], [435, 302], [436, 302], [438, 302], [438, 303]]
[]
[[442, 281], [442, 283], [442, 284], [442, 285], [441, 287], [441, 289], [439, 290], [439, 291], [439, 293], [438, 293], [438, 294], [438, 295], [438, 297], [437, 297], [437, 298]]
[[439, 300], [440, 302], [440, 303], [441, 303], [441, 304], [441, 305], [442, 307], [442, 308], [442, 309], [442, 311], [442, 312], [444, 312], [444, 313], [444, 314], [444, 316], [444, 317], [444, 318], [445, 321], [445, 322], [445, 323], [445, 324], [445, 327], [447, 328], [447, 329], [447, 330], [447, 332], [447, 333], [447, 334], [447, 336], [447, 337], [447, 338], [447, 339], [447, 341], [447, 342], [447, 343]]
[[440, 287], [441, 288], [442, 290], [442, 291], [444, 291], [444, 293], [445, 293], [445, 295], [447, 297], [447, 298], [448, 299], [448, 301], [448, 302], [450, 303], [450, 305], [451, 306], [451, 307], [451, 309], [451, 310], [452, 310], [452, 311], [452, 312], [454, 312], [454, 314], [454, 315], [455, 315], [455, 316], [455, 317], [455, 319], [455, 320], [455, 321], [455, 323], [455, 324], [455, 325], [455, 326], [455, 328], [455, 329], [455, 330], [455, 332], [455, 333], [455, 334], [455, 335], [455, 337], [455, 338], [455, 339], [455, 340], [453, 340], [453, 342], [453, 343], [453, 344], [452, 346], [452, 347], [452, 349], [451, 351], [451, 352], [449, 353], [449, 355], [448, 357], [448, 358], [446, 360], [446, 361], [446, 362], [445, 362], [445, 363], [445, 365], [444, 365], [444, 366], [444, 368], [444, 369], [442, 369], [442, 371], [442, 372], [441, 373], [441, 375], [441, 377], [440, 378], [440, 379], [440, 381], [438, 381], [438, 382], [438, 383]]
[[456, 332]]
[[457, 333], [457, 334], [457, 335], [457, 337], [457, 338], [457, 339], [457, 341], [457, 343], [456, 345], [456, 346], [456, 348], [454, 348], [454, 350], [454, 352], [454, 353], [453, 353], [453, 354], [453, 355], [453, 357], [452, 357], [452, 359], [452, 360], [450, 360], [450, 361], [450, 363], [449, 363], [449, 364], [449, 365], [448, 365], [448, 367], [448, 368], [447, 368], [447, 369], [445, 371], [445, 372], [444, 372], [444, 373], [442, 375], [442, 376], [441, 376], [441, 377], [441, 378], [440, 378], [440, 380], [438, 381], [438, 382], [437, 382], [437, 384], [436, 384], [436, 385], [436, 386], [435, 386], [435, 387], [433, 387], [433, 389]]
[[406, 345], [408, 345], [409, 347], [410, 347], [412, 347], [413, 347], [413, 348], [414, 348], [416, 348], [417, 348], [418, 348], [419, 348], [421, 348], [421, 349], [422, 349], [423, 349], [424, 349], [426, 349], [428, 349], [429, 351], [431, 351], [432, 351], [433, 351], [434, 351], [434, 352], [436, 352], [437, 352], [438, 352], [440, 352], [440, 353], [443, 353], [445, 353], [446, 353], [447, 353], [449, 353], [450, 353], [451, 353]]
[[169, 344], [169, 345], [169, 347], [169, 349], [169, 351], [169, 353], [169, 355], [169, 357], [169, 358], [168, 358], [168, 361], [168, 362], [168, 363], [168, 364]]
[[170, 344], [170, 346], [170, 347], [170, 348], [170, 349], [170, 351], [170, 353], [170, 354], [168, 356], [168, 358], [168, 360], [167, 363], [167, 365], [167, 366], [167, 368], [167, 369], [167, 370]]
[[216, 348], [217, 348], [217, 350], [217, 352], [217, 354], [217, 355], [217, 357], [217, 360], [217, 362], [217, 365], [217, 368], [217, 371], [217, 373], [217, 375], [217, 377], [217, 379], [217, 381], [217, 384], [215, 386], [215, 388], [215, 390], [215, 392], [214, 394], [214, 395], [214, 396], [214, 397], [212, 397]]
[[214, 368], [214, 369], [214, 370], [214, 372], [214, 374], [214, 377], [214, 378], [214, 379], [214, 381], [214, 384], [214, 386], [214, 388], [214, 390], [214, 392], [214, 393], [214, 395], [214, 396], [214, 398], [214, 399], [212, 401], [212, 402], [212, 403], [212, 405]]
[[169, 359], [171, 359], [173, 359], [174, 359], [175, 359], [177, 359], [178, 359], [179, 359], [180, 359], [183, 359], [185, 359], [186, 359], [187, 359], [189, 359], [191, 359], [192, 359], [193, 359], [196, 359], [198, 359], [198, 361], [199, 361], [200, 361], [200, 362], [202, 362], [203, 362], [204, 362], [204, 363], [205, 363], [207, 363], [208, 363], [209, 365], [211, 365], [212, 365], [213, 365], [215, 365], [215, 364]]
[[179, 380], [180, 380], [182, 380], [182, 381], [184, 381], [186, 381], [188, 381], [190, 381], [192, 381], [193, 381], [193, 383], [194, 383], [196, 383], [197, 383], [198, 383], [199, 383], [201, 383], [202, 383], [203, 383], [205, 383], [205, 384], [206, 384]]
[[215, 363], [216, 363], [217, 363], [218, 363], [221, 363], [222, 363], [224, 363], [226, 363], [228, 363], [229, 363], [231, 363], [233, 363], [234, 363], [235, 363]]
[[217, 407], [219, 407], [220, 407], [221, 407], [223, 407], [224, 406], [225, 406], [227, 406], [228, 406], [228, 405], [229, 405], [230, 405], [232, 405], [233, 405], [234, 405], [236, 405], [237, 405], [238, 405], [239, 405], [241, 405], [242, 405], [243, 405], [245, 405], [246, 405], [247, 405], [248, 403], [250, 403], [251, 403], [252, 403], [254, 403], [255, 403], [256, 403], [257, 403], [260, 403], [261, 403], [262, 403], [263, 403], [265, 403], [266, 403], [267, 403], [269, 403], [270, 403], [271, 403], [272, 403], [274, 403], [275, 403], [276, 403], [278, 403], [279, 403], [280, 403], [282, 403], [283, 403], [286, 403], [288, 403], [290, 403], [292, 403], [292, 402], [294, 402], [295, 402], [297, 402], [298, 402], [299, 402], [301, 402], [302, 402], [303, 402], [304, 402], [306, 402], [307, 402], [308, 402], [310, 402], [311, 402], [312, 402], [312, 401], [313, 401], [315, 401], [315, 400], [316, 400], [317, 400], [317, 398], [318, 398], [320, 398], [321, 398], [322, 398], [324, 398], [324, 397], [325, 397], [326, 397], [327, 397], [329, 397], [330, 397], [331, 397], [333, 397]]
[[334, 358], [334, 359], [334, 360], [334, 361], [334, 364], [334, 366], [334, 367], [332, 369], [332, 371], [332, 373], [332, 376], [331, 378], [331, 379], [331, 380], [329, 382], [329, 383], [329, 384], [327, 386], [327, 387], [327, 388], [325, 390], [325, 391]]
[[333, 354], [333, 357], [333, 358], [333, 359], [333, 360], [333, 362], [333, 363], [333, 364], [333, 365], [333, 367], [333, 368], [332, 370], [332, 372], [332, 375], [332, 377], [331, 379], [331, 380], [331, 381], [331, 383], [329, 385], [329, 386], [329, 388], [329, 389], [328, 389], [328, 390]]
[[331, 368], [331, 369], [331, 371], [331, 372], [331, 374], [331, 375], [331, 377], [331, 378], [331, 379], [331, 381], [331, 382], [331, 383], [331, 385], [331, 386], [331, 388], [329, 389], [329, 391], [329, 392], [329, 393], [328, 393], [328, 395]]
[[333, 395], [335, 396], [337, 397], [339, 397], [339, 399], [340, 399], [341, 399], [341, 400], [342, 400], [342, 401], [344, 401], [345, 401], [345, 402], [346, 402], [348, 402], [348, 404], [349, 404], [350, 404], [350, 405], [351, 405]]
[[354, 358], [355, 358], [355, 360], [355, 362], [354, 364], [354, 366], [354, 369], [354, 372], [353, 376], [353, 380], [353, 383], [353, 386], [353, 388], [353, 389], [351, 390], [351, 392], [351, 394], [350, 395], [350, 396]]
[[354, 371], [354, 372], [354, 374], [354, 376], [354, 379], [354, 381], [354, 382], [354, 383], [354, 385], [354, 386], [354, 387], [354, 389], [352, 392], [352, 394], [352, 395], [352, 396], [352, 398], [352, 399], [351, 399], [351, 400], [351, 401]]
[[353, 401], [355, 401], [356, 401], [357, 401], [359, 401], [360, 401], [361, 401], [362, 401], [364, 401], [365, 401], [366, 401], [366, 403], [367, 403], [369, 403], [370, 403], [371, 403], [373, 403], [374, 403], [375, 402], [377, 402], [378, 402], [379, 402], [381, 401], [382, 401], [383, 401], [385, 399], [386, 399], [387, 399], [387, 398], [388, 398], [390, 398], [391, 398], [391, 397], [392, 397], [394, 397]]
[[357, 401], [358, 401], [360, 401], [362, 401], [364, 401], [369, 400], [373, 400], [376, 398], [379, 398], [381, 398], [383, 398], [385, 398], [386, 398], [387, 398], [388, 398]]
[[357, 398], [358, 398], [360, 398], [362, 398], [364, 398], [366, 398], [369, 398], [372, 398], [375, 398], [377, 398], [379, 398], [381, 398], [383, 398], [384, 398], [385, 398], [387, 398], [388, 398], [389, 398], [391, 397]]
[[393, 369], [393, 370], [393, 372], [393, 374], [393, 377], [392, 380], [392, 382], [392, 384], [390, 386], [390, 388], [390, 389], [390, 390], [389, 392], [389, 393], [389, 394], [389, 395], [389, 397]]
[[391, 370], [391, 371], [391, 372], [391, 373], [391, 375], [391, 376], [392, 378], [392, 380], [392, 383], [392, 385], [392, 387], [392, 388], [392, 389], [392, 391], [392, 392], [392, 393], [392, 394], [392, 396]]
[[393, 393], [396, 393], [398, 393], [401, 395], [402, 395], [403, 395], [405, 395], [406, 395], [407, 395], [410, 396], [412, 396], [414, 396], [415, 396], [417, 396], [419, 398]]
[[396, 396], [394, 396], [394, 398], [395, 398], [397, 398], [400, 398], [401, 398], [403, 398], [405, 398], [407, 398], [410, 398], [412, 398], [414, 398], [415, 398], [416, 398], [418, 398], [419, 399], [420, 399], [422, 399], [424, 399], [425, 399], [427, 399], [429, 399], [430, 399], [431, 399], [432, 399], [432, 397]]
[[425, 396], [426, 396], [428, 396], [431, 396], [433, 396], [436, 396], [438, 396], [440, 395], [442, 395], [443, 395], [444, 395]]
[[439, 396], [441, 396], [443, 396], [444, 396], [445, 396], [446, 396], [448, 396], [449, 396], [450, 396], [452, 396], [454, 396], [457, 396], [458, 396], [459, 395], [461, 395], [462, 394], [464, 394], [465, 394]]
[[443, 394], [444, 394], [446, 394], [448, 394], [450, 394], [453, 394], [456, 394], [458, 394], [460, 394], [463, 394], [464, 394], [466, 392], [467, 392], [469, 392], [470, 391], [472, 391]]
[[220, 386], [221, 386], [222, 386], [223, 386], [225, 386], [226, 386], [227, 386], [229, 386], [230, 386], [231, 386], [232, 386], [234, 386], [235, 386], [236, 386], [237, 386], [239, 386], [240, 386], [241, 386], [243, 386], [244, 386], [245, 386], [246, 386], [248, 386], [249, 386], [250, 386], [252, 386], [253, 386], [254, 386], [256, 386], [258, 386], [259, 386], [260, 386], [261, 386], [261, 388], [263, 388], [264, 388], [265, 388], [266, 388], [268, 389], [269, 389], [270, 389], [273, 389], [275, 389], [277, 389], [277, 390], [278, 390], [279, 390], [281, 390], [282, 390], [283, 390], [285, 390], [286, 390], [287, 390], [288, 390], [290, 390], [291, 390], [292, 390], [294, 390], [295, 390], [296, 390], [297, 390], [299, 390], [300, 390], [301, 390], [302, 390], [304, 390], [305, 390], [306, 390], [309, 390], [311, 390], [313, 390], [314, 390], [315, 390], [317, 390], [318, 390], [319, 390], [321, 390], [322, 390], [323, 390], [323, 389], [324, 389], [326, 389]]
[[300, 366], [301, 366], [301, 367], [302, 367], [304, 367], [305, 367], [306, 367], [307, 367], [307, 368], [309, 368], [310, 368], [311, 368], [313, 368], [315, 368], [316, 368], [317, 368], [318, 368], [320, 368], [321, 368], [322, 368], [324, 368], [325, 368], [326, 368], [327, 368], [329, 368]]
[[331, 367], [332, 367], [332, 368], [334, 368], [336, 368], [337, 369], [338, 369], [340, 369], [341, 370], [342, 370], [344, 372], [345, 372], [346, 372], [348, 372], [349, 372], [350, 372], [351, 372], [353, 372], [354, 372], [357, 372], [358, 372], [360, 373]]
[[350, 370], [352, 370], [353, 370], [355, 372], [357, 372], [358, 372], [360, 372], [361, 372], [362, 372], [363, 372], [365, 372], [366, 372], [367, 372], [368, 372], [371, 372], [373, 372], [375, 372]]
[[370, 372], [373, 373], [375, 373], [376, 373], [377, 373], [380, 373], [382, 373], [384, 373], [386, 373], [387, 373], [389, 373], [390, 373]]
[[329, 387], [328, 387], [330, 387], [332, 387], [335, 387], [336, 387], [337, 387], [339, 387], [340, 387], [341, 387], [343, 387], [344, 387], [345, 387], [347, 387], [349, 387]]
[[342, 387], [343, 387], [344, 387], [345, 387], [347, 387], [349, 387], [350, 389]]
[[354, 389], [355, 389], [357, 389], [359, 389], [360, 389], [361, 389], [362, 389], [364, 389], [366, 389], [368, 389], [369, 389], [371, 389], [372, 389], [373, 389], [374, 389], [376, 387], [377, 387], [378, 387], [378, 386], [381, 386]]
[[364, 388], [365, 388], [368, 388], [369, 388], [370, 388], [371, 388], [373, 388], [374, 387], [375, 387], [377, 387], [378, 387], [379, 386], [381, 386], [383, 386], [385, 384], [386, 384], [388, 384]]
[[236, 431], [238, 431], [239, 431], [240, 431], [243, 431], [244, 431], [244, 430], [247, 430], [249, 430], [252, 430], [254, 429], [256, 429], [257, 429], [259, 429], [260, 429], [262, 429], [263, 427], [266, 427], [267, 427], [268, 426], [270, 426], [271, 426], [272, 426], [274, 425], [275, 425], [276, 425], [278, 423], [279, 423], [280, 423], [282, 422], [283, 422], [285, 420], [286, 420], [288, 420], [289, 420], [290, 420], [290, 419], [291, 419], [293, 419], [293, 418], [295, 418], [297, 418], [297, 416], [299, 416], [300, 416], [302, 416], [303, 416], [304, 416], [306, 416], [307, 416], [308, 416], [310, 415], [312, 415], [315, 415], [317, 413], [319, 413], [321, 413], [323, 412], [325, 412], [326, 412], [327, 412], [328, 412], [330, 412], [331, 412], [332, 412], [334, 412], [335, 412], [336, 410], [338, 410], [340, 410], [341, 410], [342, 410]]
[[269, 421], [272, 421], [274, 421], [276, 421], [278, 421], [280, 419], [283, 419], [285, 419], [287, 419], [289, 419], [291, 419], [294, 419], [297, 418], [301, 418], [304, 418], [308, 416], [311, 416], [314, 416], [317, 416], [320, 416], [323, 416], [326, 416], [328, 416], [331, 416], [334, 416], [337, 416], [340, 416], [342, 416], [343, 416], [344, 416], [346, 416]]
[[289, 424], [290, 424], [291, 424], [293, 424], [295, 424], [298, 424], [301, 424], [304, 422], [308, 422], [312, 420], [317, 420], [321, 419], [325, 419], [330, 417], [334, 417], [338, 417], [343, 415], [345, 415], [348, 415], [352, 415], [356, 413], [358, 413], [360, 413], [361, 413], [363, 413], [364, 413], [366, 413]]
[[338, 420], [340, 420], [343, 417], [346, 417], [350, 416], [354, 416], [358, 414], [361, 414], [364, 414], [367, 412], [369, 412], [371, 412], [373, 412], [375, 411], [377, 411], [380, 411], [382, 409], [384, 409], [385, 409], [387, 408], [388, 408], [389, 408], [391, 408], [393, 408], [395, 408]]
[[369, 410], [371, 410], [374, 409], [377, 409], [381, 408], [386, 408], [389, 406], [392, 406], [395, 406], [397, 406], [399, 406], [401, 406], [403, 406], [404, 406], [405, 405], [407, 405], [408, 405], [410, 403]]
[[320, 445], [321, 445], [322, 445], [324, 443], [326, 443], [327, 443], [329, 442], [331, 442], [333, 442], [336, 440], [340, 440], [345, 437], [351, 435], [357, 432], [363, 430], [368, 427], [375, 427], [381, 424], [385, 424], [390, 421], [394, 421], [399, 418], [402, 418], [404, 417]]
[[334, 436], [335, 436], [336, 436], [338, 436], [340, 436], [343, 433], [347, 433], [352, 430], [358, 428], [363, 425], [371, 422], [379, 419], [387, 416], [394, 414], [400, 412], [406, 412], [410, 410], [413, 410], [416, 410], [418, 410], [421, 408], [423, 408], [425, 406], [427, 406], [429, 404], [430, 404], [431, 404]]
[[378, 423], [377, 423], [377, 422], [380, 422], [381, 422], [383, 421], [386, 421], [390, 418], [395, 418], [399, 415], [403, 415], [408, 412], [413, 410], [417, 408], [420, 408], [422, 406], [425, 406], [427, 406], [428, 405], [429, 405], [431, 405], [433, 404], [434, 404], [435, 404], [435, 402], [437, 402]]
[[420, 407], [421, 407], [423, 407], [425, 406], [427, 406], [429, 404], [431, 404], [432, 404], [434, 403], [435, 403], [436, 403], [438, 403], [438, 401], [440, 401], [441, 401], [442, 401]]
