[[172, 59], [170, 59], [170, 60], [169, 60], [168, 60], [168, 61], [166, 61], [166, 62], [165, 62], [165, 64], [164, 64], [164, 65], [164, 66], [163, 66], [163, 68], [163, 69]]
[[163, 64], [163, 65], [161, 66], [161, 68], [161, 69], [161, 70], [160, 72], [160, 73], [160, 74], [160, 75], [160, 77], [160, 78], [160, 79], [160, 80], [160, 82], [160, 83], [160, 84], [160, 86], [160, 87], [160, 88], [160, 90], [160, 91], [160, 92], [160, 93], [162, 93], [162, 95]]
[[161, 89], [161, 91], [161, 92], [161, 93], [161, 95], [162, 95], [162, 96], [162, 97], [162, 98], [162, 100], [162, 101], [162, 102], [162, 104], [162, 105], [163, 105], [163, 106], [163, 107], [163, 109], [163, 110], [163, 111], [163, 112], [164, 112], [164, 114], [164, 115], [164, 116], [164, 118], [164, 119], [164, 120], [164, 121], [163, 121]]
[[160, 107], [160, 109], [160, 110], [160, 111], [160, 112], [160, 114], [160, 115], [160, 116], [160, 118], [160, 119], [160, 120], [160, 121], [160, 123], [160, 124], [160, 125], [160, 127], [159, 127], [159, 128], [159, 129], [157, 131], [157, 132], [157, 133], [156, 133], [156, 135], [156, 136], [155, 136], [155, 137], [155, 138], [153, 138], [153, 140], [153, 141], [152, 141], [152, 142], [151, 142], [151, 143], [149, 145], [149, 146], [148, 148], [148, 149], [147, 149], [147, 150], [145, 150], [145, 151], [145, 153], [144, 153], [144, 154], [144, 155], [143, 155], [143, 157], [143, 158], [141, 159], [141, 161], [141, 162], [140, 162], [140, 163], [139, 163], [139, 164], [137, 166], [137, 167], [136, 167], [136, 168], [135, 170], [135, 171], [133, 171], [133, 172], [132, 172], [132, 174], [132, 175], [131, 175], [131, 176], [130, 176], [130, 177], [128, 177], [128, 179], [128, 180], [127, 180], [127, 181], [126, 181], [126, 183], [124, 184], [124, 185], [123, 185], [123, 187], [122, 187], [122, 188], [120, 188], [120, 189], [120, 190], [119, 190], [119, 192], [118, 192], [118, 193], [117, 193], [117, 194], [117, 196], [115, 196], [115, 197], [114, 197], [114, 198], [114, 199], [113, 199], [113, 201], [113, 202], [111, 202], [111, 203], [111, 205], [110, 205], [110, 206], [110, 207]]
[[127, 169], [127, 167]]
[[130, 167], [130, 168], [130, 169], [130, 170], [130, 171], [128, 171], [128, 173], [128, 174], [127, 175], [127, 177], [127, 178], [126, 178], [126, 179], [126, 180], [124, 180], [124, 182], [124, 183], [123, 183], [123, 184], [123, 186], [122, 186], [122, 187], [122, 188], [121, 188], [121, 189], [121, 191], [119, 192], [119, 193], [118, 193], [118, 195], [117, 195], [117, 196], [117, 197], [115, 197], [115, 199], [114, 199], [114, 200], [114, 201], [113, 201], [113, 202], [113, 204], [112, 204], [112, 205], [112, 206], [110, 208], [110, 209], [110, 210], [109, 210], [109, 211], [107, 214], [107, 215], [106, 215], [106, 216], [106, 218], [105, 218], [105, 219], [105, 220], [103, 220], [103, 221], [103, 223], [102, 224], [102, 225], [102, 224], [102, 223], [102, 221], [102, 219], [103, 216]]
[[112, 195], [112, 193], [113, 193], [113, 192], [115, 192], [115, 191], [115, 192], [115, 194], [114, 195], [114, 196], [113, 198], [113, 199], [111, 201], [111, 202], [111, 203], [110, 203], [110, 204], [110, 206], [109, 206], [109, 207], [109, 208], [107, 208], [107, 209], [107, 211], [106, 211], [106, 212], [106, 213], [105, 213], [105, 215], [105, 216], [104, 216], [104, 217], [104, 218], [102, 218], [102, 220], [102, 221], [102, 222], [101, 222], [101, 224], [101, 225], [100, 226], [100, 228], [100, 229], [98, 229], [98, 230], [98, 231], [97, 231], [97, 233], [97, 234], [97, 235], [96, 235], [96, 236], [96, 238], [96, 239], [96, 240], [94, 240], [94, 242], [94, 243], [94, 244], [93, 244], [93, 245], [93, 247], [93, 248], [93, 249], [93, 251], [92, 251], [92, 252], [92, 253], [92, 254], [92, 256], [92, 257], [92, 258], [92, 260], [92, 261], [92, 262], [92, 263], [92, 265], [92, 266], [92, 267], [92, 268], [92, 270], [92, 271], [92, 272]]
[[100, 233], [100, 235], [98, 236], [98, 237], [97, 239], [97, 240], [96, 241], [96, 243], [94, 245], [94, 246], [94, 248], [93, 248], [93, 249], [93, 250], [93, 251], [91, 251], [91, 253], [91, 254], [91, 255], [90, 257], [90, 258], [90, 259], [90, 260], [89, 260], [89, 262], [89, 263], [89, 264], [89, 266], [89, 267], [87, 267], [87, 268], [87, 269], [87, 271], [87, 272], [87, 273], [87, 275], [87, 276], [87, 277], [87, 278], [87, 280], [87, 281], [87, 282], [87, 284], [87, 285], [88, 285], [88, 286], [88, 287], [88, 289], [88, 290], [88, 291], [89, 291], [89, 292]]
[[86, 280], [86, 282], [86, 283], [86, 284], [86, 285], [86, 287], [87, 287], [87, 288], [87, 289], [87, 290], [89, 290], [89, 292], [89, 293], [89, 294], [89, 296], [90, 296], [90, 297], [90, 298], [91, 298], [91, 299], [93, 301], [93, 302], [94, 302], [94, 303], [94, 305], [95, 306], [95, 307], [95, 309], [97, 309], [97, 310]]
[[88, 296], [89, 296], [89, 297], [89, 298], [90, 298], [90, 299], [90, 301], [91, 301], [91, 302], [91, 303], [93, 303], [93, 305], [93, 306], [94, 307], [94, 309], [94, 310], [94, 311], [95, 311], [95, 312], [95, 314], [95, 315], [95, 316], [95, 318], [97, 318], [97, 319], [97, 320], [97, 321], [97, 323], [97, 324], [98, 324], [98, 325], [98, 326], [98, 328], [99, 328], [99, 329], [99, 330], [99, 332], [100, 332], [100, 333], [100, 334], [102, 334], [102, 335]]
[[95, 329], [96, 329], [96, 330], [98, 330], [98, 331], [99, 331], [99, 333], [100, 333], [100, 334], [101, 334], [101, 335], [101, 336], [103, 336], [103, 338], [103, 339], [104, 339], [104, 340], [105, 340], [105, 342], [107, 343], [107, 344], [108, 344], [108, 346], [108, 347], [109, 347], [109, 348], [111, 350], [111, 351], [112, 352], [113, 352]]
[[110, 348], [110, 350], [111, 350], [111, 351], [112, 351], [112, 352], [113, 352], [115, 354], [116, 355], [118, 356], [118, 358], [119, 358], [119, 359], [120, 359], [120, 360], [121, 360], [121, 362], [123, 362], [124, 363], [126, 364], [126, 366], [127, 366], [128, 367], [130, 369], [131, 370], [131, 371], [132, 371], [134, 371], [134, 373], [135, 373], [136, 373], [138, 373]]
[[201, 152], [199, 152], [199, 153], [198, 153], [198, 155], [197, 155], [196, 155], [196, 156], [194, 156], [194, 157], [193, 159], [192, 159], [192, 160], [190, 160], [189, 161], [188, 161], [186, 163], [185, 163], [185, 164], [184, 164], [182, 164], [182, 165], [181, 165]]
[[194, 155], [193, 155], [193, 157], [192, 157], [192, 158], [190, 158], [189, 158], [189, 159], [188, 159], [188, 160], [186, 160], [186, 162], [185, 162], [184, 162], [184, 163], [183, 163], [183, 164], [181, 164], [180, 164], [180, 166], [179, 166], [178, 166], [178, 167], [176, 167], [176, 168], [175, 168], [175, 169], [174, 169], [174, 171], [172, 171], [172, 172], [171, 172], [171, 173], [170, 173], [170, 175], [170, 176], [169, 176], [169, 177], [167, 177], [167, 178], [166, 178], [166, 180], [166, 181], [165, 181], [165, 182], [163, 182], [163, 183], [162, 183], [162, 185], [162, 186], [161, 186], [161, 187], [161, 189], [159, 190], [159, 191], [159, 193], [158, 193], [158, 194], [158, 195], [157, 195], [157, 196], [157, 198], [156, 198], [156, 199], [156, 200], [156, 202], [154, 202], [154, 203], [154, 204]]
[[162, 187], [162, 188], [162, 189], [160, 191], [160, 192], [160, 193], [159, 193], [159, 195], [159, 196], [158, 196], [158, 197], [158, 198], [156, 200], [156, 201], [156, 202], [155, 202], [155, 204], [155, 205], [155, 206], [154, 206], [154, 208], [154, 209], [154, 210], [154, 211], [154, 213], [153, 213], [153, 214], [153, 215], [153, 216], [153, 218], [153, 219], [153, 220], [153, 222], [153, 223], [153, 224], [153, 225], [153, 227]]
[[152, 214], [152, 215], [152, 217], [152, 218], [152, 219], [152, 221], [152, 222], [152, 223], [152, 224], [152, 226], [152, 227], [152, 228], [153, 228], [153, 230], [153, 231], [153, 232], [154, 234], [154, 235], [155, 235], [155, 236], [155, 237], [157, 237], [157, 239], [157, 240], [158, 240], [158, 241], [159, 243], [159, 244], [161, 244], [161, 245], [161, 246], [162, 246], [162, 248], [163, 249], [163, 250], [165, 250], [165, 252], [165, 253], [166, 253]]
[[158, 244], [158, 245], [158, 246], [159, 246], [159, 248], [161, 248], [161, 249], [162, 249], [162, 250], [163, 250], [163, 252], [165, 252], [165, 253], [166, 253], [166, 254], [167, 254], [168, 254], [168, 255], [170, 255], [170, 257], [171, 257], [172, 257], [172, 258], [174, 258], [175, 258], [175, 259], [176, 259], [177, 259], [179, 261], [180, 261], [181, 261], [181, 262], [183, 262], [184, 262], [184, 263], [185, 263], [186, 263], [188, 263], [189, 263], [189, 265], [190, 265], [192, 265], [193, 265]]
[[143, 369], [143, 370], [142, 370], [142, 371], [141, 371], [141, 373], [139, 373], [139, 374], [138, 374], [138, 375], [138, 377], [137, 377], [137, 378], [136, 378], [136, 379], [134, 379], [133, 381], [132, 381], [132, 382], [130, 382], [130, 383], [129, 383], [128, 383], [128, 384], [127, 384], [127, 386], [125, 386], [124, 386], [123, 387], [121, 387], [120, 387], [120, 388], [119, 388], [117, 388], [117, 390], [116, 390], [115, 390], [114, 390], [112, 390], [112, 391], [111, 391], [110, 391], [108, 391], [107, 391], [106, 391], [106, 392], [105, 392], [103, 392], [102, 392], [102, 393], [101, 393], [99, 393], [98, 393]]
[[107, 392], [106, 392], [105, 392], [103, 392], [103, 393], [102, 393], [101, 393], [101, 395], [99, 395], [99, 396], [98, 396], [98, 397], [97, 397]]
[[104, 393], [103, 393], [102, 393], [102, 394], [101, 394], [101, 395], [100, 395], [100, 396], [98, 396], [98, 398], [98, 399], [98, 400], [98, 402], [98, 403], [98, 404], [98, 405], [99, 405], [99, 407], [100, 407], [100, 408], [101, 408], [102, 408], [102, 409], [104, 409], [105, 409], [106, 409], [106, 411], [108, 411], [109, 411], [109, 412]]
[[104, 410], [105, 410], [106, 410], [106, 411], [108, 411], [108, 412], [109, 412], [110, 412], [110, 413], [111, 413], [113, 413], [114, 413], [114, 414], [115, 414], [117, 414], [118, 414], [118, 416], [119, 416], [120, 416], [122, 416], [123, 416], [124, 416], [126, 416], [126, 417], [127, 417], [128, 417], [129, 417], [131, 417], [132, 417], [133, 417], [134, 417], [136, 417], [137, 417], [138, 417], [138, 415], [140, 415], [141, 415], [142, 415], [142, 414], [144, 414], [145, 414], [146, 414], [147, 414], [149, 414], [150, 414], [151, 414], [151, 413], [153, 413], [154, 413], [155, 413]]
[[134, 419], [135, 419], [136, 419], [138, 419], [139, 419], [140, 419], [142, 419], [143, 419], [144, 419], [145, 419], [147, 419], [148, 419], [149, 419], [150, 419], [152, 419], [153, 419], [154, 419], [154, 418], [156, 418], [157, 416], [158, 416], [158, 415], [160, 415], [160, 413]]
[[135, 420], [137, 420], [138, 420], [139, 420], [141, 419], [142, 419], [143, 419], [143, 418], [144, 418], [146, 418], [146, 417], [147, 417], [148, 417], [149, 417], [149, 415], [151, 415], [152, 414], [153, 414], [153, 413], [155, 413], [156, 413], [156, 411], [157, 411], [159, 411], [159, 410], [160, 410], [161, 409], [163, 409], [163, 407], [164, 407], [165, 407], [166, 407], [166, 406], [168, 406], [169, 406], [170, 405], [170, 402]]
[[148, 417], [149, 417], [151, 417], [153, 416], [154, 416], [154, 415], [156, 415], [156, 413], [157, 413], [159, 412], [160, 412], [160, 411], [161, 411], [163, 411], [163, 409], [164, 409], [165, 409], [165, 408], [167, 408], [168, 408], [168, 407], [169, 407], [170, 407], [170, 406], [172, 406], [173, 406], [173, 404], [174, 404], [175, 404], [175, 403], [177, 403], [178, 403], [178, 402], [179, 402], [181, 402], [181, 400], [182, 400], [183, 400], [185, 399], [186, 399], [187, 398], [189, 398], [190, 396], [191, 396], [193, 395], [194, 395], [195, 393], [197, 393], [197, 392], [198, 392], [199, 392], [199, 391], [201, 391], [202, 391], [202, 389], [203, 389], [204, 389], [204, 388], [206, 388], [206, 387], [207, 387], [207, 386], [208, 386], [208, 384], [209, 384]]
[[189, 401], [190, 401], [190, 403], [191, 403], [191, 404], [192, 404], [194, 404], [194, 405], [195, 405], [196, 405], [198, 407], [199, 407], [200, 407], [201, 407], [203, 407], [204, 407], [205, 407], [207, 407], [208, 407], [209, 407], [210, 407], [212, 407], [213, 407], [214, 407], [214, 406], [216, 406], [217, 406], [218, 406], [219, 406], [221, 406], [222, 406], [222, 405]]
[[207, 405], [208, 405], [209, 405], [210, 405], [212, 405], [213, 405], [214, 405], [216, 405], [217, 405], [218, 405], [219, 405], [221, 405], [222, 405], [223, 405], [225, 405], [226, 405], [227, 405], [228, 405], [230, 405], [231, 405], [232, 405], [233, 405], [235, 405], [236, 405], [237, 405], [239, 405], [240, 405], [241, 405], [242, 405], [244, 405], [244, 404]]
[[202, 406], [203, 406], [204, 406], [205, 408], [207, 409], [207, 410], [208, 410], [208, 412], [208, 413], [208, 414], [209, 414], [209, 416], [209, 417], [209, 418], [209, 419], [209, 421], [209, 422], [209, 423], [209, 425], [211, 425]]
[[210, 417], [210, 419], [210, 420], [210, 421], [210, 422], [209, 422], [209, 424], [209, 425], [209, 426], [209, 428], [209, 429], [209, 430], [209, 431], [209, 433], [208, 433], [208, 434], [208, 435], [208, 436], [208, 438], [208, 439]]
[[208, 434], [208, 435], [208, 436], [208, 438], [208, 439], [208, 440], [208, 442], [208, 443], [208, 444], [208, 445]]
[[209, 445], [211, 445], [212, 445], [213, 445], [215, 445], [216, 445], [217, 445], [218, 445], [220, 445], [221, 445], [222, 445]]
[[218, 445], [220, 445], [220, 444], [221, 444], [221, 442], [222, 442], [222, 441], [224, 441], [225, 441], [225, 440], [226, 440], [226, 439], [227, 439], [227, 437], [229, 437], [230, 436], [231, 436], [231, 435], [233, 435], [233, 433]]
[[223, 441], [225, 441], [226, 440], [227, 439], [227, 437], [229, 437], [229, 436], [230, 436], [230, 435], [231, 435], [231, 434], [233, 434], [233, 432], [234, 432], [234, 431], [235, 431], [235, 430], [236, 430], [236, 428], [236, 427], [238, 427], [238, 426], [238, 425], [239, 425], [239, 423], [239, 422], [240, 422], [240, 421], [240, 419], [242, 419], [242, 418], [243, 418], [243, 417], [244, 417], [244, 416], [245, 416], [245, 414], [245, 413], [247, 413], [247, 412], [247, 410], [248, 410], [248, 409], [248, 408], [248, 407]]
[[170, 61], [171, 61], [172, 61], [174, 61], [175, 61], [176, 61], [176, 63], [178, 63], [178, 64], [178, 65], [178, 66], [179, 68], [179, 69], [179, 70], [179, 72], [179, 73], [179, 74], [179, 75], [179, 77], [179, 78], [179, 79], [179, 81], [179, 82]]
[]
[[179, 77], [179, 78], [179, 79], [179, 81], [179, 82], [179, 83], [180, 83], [180, 84], [180, 86], [180, 87], [182, 87], [182, 88], [182, 90], [183, 90]]
[[181, 88], [182, 88], [182, 90], [183, 90], [183, 91], [183, 92], [184, 92], [184, 93], [185, 93], [185, 95], [185, 96], [187, 96], [187, 97], [188, 99], [188, 100], [189, 100], [189, 101], [191, 101], [191, 102], [191, 104]]
[[191, 102], [192, 102], [192, 104], [192, 105], [194, 105], [194, 106], [194, 108], [195, 108], [195, 109], [195, 110], [195, 111], [195, 113], [195, 114], [195, 115], [195, 117], [195, 118], [194, 119], [194, 121], [193, 121], [193, 122], [193, 123], [192, 123], [192, 124], [191, 124], [191, 126]]
[]
[[193, 215], [194, 215], [194, 216], [194, 217], [194, 219], [195, 219], [195, 220], [195, 221], [195, 222], [196, 224], [196, 225], [196, 226], [196, 228], [196, 229], [196, 230]]
[[196, 226], [196, 228], [196, 229], [196, 230], [196, 232], [196, 233], [196, 234], [196, 235], [196, 237], [196, 238], [198, 239], [198, 241], [198, 242], [198, 243], [198, 244], [198, 246], [198, 247]]
[[198, 243], [198, 244], [198, 246], [198, 247], [197, 248], [197, 250], [197, 251], [197, 252], [196, 252], [196, 254], [196, 255], [195, 256], [195, 258], [195, 259], [195, 260], [195, 261], [193, 261]]
[[194, 257], [194, 258], [194, 259], [194, 261], [194, 262], [194, 263], [194, 264], [193, 264], [193, 266], [193, 267], [193, 268], [193, 270], [192, 270], [192, 271], [192, 272], [191, 272], [191, 273], [191, 275], [190, 275], [190, 276], [190, 277], [188, 277]]
[]
[[192, 127], [193, 127], [194, 127], [196, 127], [197, 127], [198, 127], [199, 129], [201, 129], [202, 129], [202, 130], [203, 130], [205, 130], [206, 130], [206, 131], [207, 131], [208, 131], [208, 133], [210, 133], [211, 133], [211, 134], [212, 134], [214, 134], [214, 135], [215, 135], [216, 135], [216, 137], [217, 137], [219, 137], [219, 138], [220, 138], [220, 139], [221, 139], [221, 140], [223, 140], [223, 142], [224, 142], [224, 143], [225, 143], [225, 144], [226, 144], [226, 146], [228, 146], [229, 147], [230, 147], [230, 148], [232, 148], [233, 150], [234, 150], [234, 151], [236, 151], [236, 152], [236, 154], [237, 154], [237, 155], [238, 155], [238, 156], [240, 157], [240, 159], [240, 160], [240, 161], [240, 163], [240, 164], [240, 165], [240, 166], [240, 168], [239, 168], [239, 169], [239, 170], [238, 170], [238, 172], [237, 172]]
[[240, 165], [240, 166], [240, 168], [240, 169], [239, 169], [238, 170], [237, 170], [235, 170], [234, 170], [233, 170], [231, 170], [230, 170], [229, 170], [228, 170], [226, 170], [225, 170], [224, 170], [223, 170], [221, 170], [220, 170], [219, 170], [219, 169], [219, 168]]
[[233, 170], [231, 170], [230, 170], [229, 170], [228, 170], [226, 169], [225, 169], [224, 169], [222, 167], [221, 167], [221, 166], [220, 166], [218, 166], [217, 166], [217, 165], [216, 165], [215, 165], [213, 165], [212, 165], [211, 165], [209, 165], [208, 165], [207, 165], [206, 165], [204, 165], [203, 165], [202, 165], [200, 165], [199, 165], [198, 165], [197, 165], [195, 165], [194, 165], [193, 165], [192, 165], [190, 165], [189, 165], [188, 165], [186, 165], [185, 165], [184, 165], [182, 166], [181, 166], [180, 166], [180, 168], [179, 168], [177, 168], [177, 169], [176, 170]]
[[196, 214], [198, 214], [199, 214], [200, 214], [201, 214], [203, 214], [204, 214], [205, 214], [207, 214], [208, 214], [209, 214], [210, 214], [210, 215], [212, 215], [213, 215], [213, 216], [214, 216], [215, 216], [215, 217], [217, 217], [218, 217], [219, 219], [221, 219], [222, 220], [223, 220], [223, 222], [225, 222], [226, 223], [227, 223], [227, 224], [229, 224]]
[[219, 217], [219, 218], [220, 218], [221, 219], [223, 221], [224, 221], [224, 222], [225, 222], [225, 223], [227, 223], [227, 224], [228, 226], [228, 227], [229, 227], [229, 228], [231, 228], [231, 230], [232, 230], [232, 231], [233, 231], [233, 232], [235, 232], [235, 234], [236, 235], [236, 236], [237, 236], [237, 238], [237, 239], [239, 239], [239, 240], [239, 241], [240, 241], [240, 243], [240, 244], [241, 245], [241, 247], [241, 248], [243, 248], [243, 249], [243, 250], [244, 252], [244, 253], [244, 254], [244, 256], [245, 256], [245, 257], [245, 258]]
[[244, 244], [244, 246], [245, 247], [245, 248], [245, 250], [246, 250], [246, 251], [246, 252], [246, 253], [248, 253], [248, 255], [248, 256], [248, 257], [249, 257], [249, 259], [249, 260], [249, 261], [250, 261], [250, 262], [250, 264], [250, 265], [251, 265], [251, 266], [251, 268], [251, 269], [251, 270], [251, 271], [253, 271], [253, 273], [253, 274], [253, 275], [253, 277], [253, 278], [253, 279], [253, 280], [253, 282], [253, 283], [253, 284]]
[[253, 272], [254, 272], [256, 272], [257, 272], [257, 273], [258, 273], [259, 273], [261, 273], [262, 273], [263, 273], [263, 274], [265, 274], [266, 274], [267, 274], [268, 274], [270, 274], [270, 275], [271, 275], [272, 275], [274, 275], [275, 277], [276, 277], [277, 277], [279, 277], [279, 278], [280, 278], [281, 278], [283, 278], [284, 278], [284, 279], [285, 279], [286, 279], [286, 281], [288, 281], [289, 281], [290, 281], [290, 282], [292, 282], [293, 282], [294, 283], [296, 283], [297, 283], [297, 285], [298, 285], [298, 286], [299, 286], [301, 286], [301, 287], [302, 287], [302, 288], [302, 290]]
[[289, 284], [290, 284], [291, 284], [292, 284], [294, 284], [295, 284], [296, 284], [298, 284], [298, 285], [299, 285], [300, 285], [300, 286], [301, 286], [303, 286], [303, 288], [304, 288], [304, 289], [305, 289], [305, 290], [307, 290], [308, 292], [308, 293], [309, 293], [309, 294], [311, 296], [311, 297], [312, 297], [312, 298], [313, 298], [313, 300], [315, 301], [315, 302], [316, 302], [316, 304], [317, 304], [317, 305], [319, 306], [319, 308], [319, 309], [320, 310], [320, 311]]
[[315, 301], [315, 302], [316, 304], [316, 305], [317, 305], [317, 306], [319, 308], [319, 309], [319, 310], [320, 312], [320, 313], [320, 314], [320, 316], [322, 318], [322, 319], [322, 320], [322, 322], [322, 323], [322, 324], [322, 325], [322, 327], [322, 328], [322, 329], [323, 331], [323, 332], [323, 333], [323, 335], [323, 336], [323, 337]]
[[324, 323], [324, 324], [324, 326], [324, 327], [324, 328], [324, 329], [324, 331], [324, 332], [326, 332], [326, 333], [326, 335], [326, 336], [326, 337], [326, 338], [326, 340], [326, 341], [326, 342], [326, 343], [326, 345], [326, 346], [326, 347], [326, 349], [326, 350], [326, 351], [325, 353]]
[[290, 353], [291, 353], [292, 353], [294, 353], [295, 353], [296, 352], [298, 352], [299, 352], [300, 352], [301, 352], [303, 352], [304, 351], [305, 351], [307, 351], [308, 351]]
[[300, 353], [300, 352], [302, 352], [303, 352], [304, 352], [305, 352], [307, 352], [308, 352], [309, 352], [310, 352], [312, 352], [313, 352], [314, 352], [316, 352], [317, 352], [318, 352], [319, 352], [321, 352], [322, 352], [323, 352], [325, 352], [326, 352], [326, 353], [327, 353], [328, 353], [328, 354], [330, 354], [331, 354], [332, 354], [332, 355], [334, 355], [335, 355], [335, 356], [336, 356], [336, 358], [337, 358], [337, 359], [339, 359], [339, 360], [340, 360], [340, 362], [341, 363], [341, 364], [343, 364], [343, 366], [344, 366], [344, 367], [345, 367], [345, 368], [346, 368]]
[[341, 362], [341, 363], [341, 364], [342, 364], [342, 365], [344, 365], [344, 367], [344, 368], [345, 368], [345, 369], [346, 369], [346, 370], [348, 370], [349, 372], [349, 373], [350, 373], [350, 374], [352, 376], [352, 377], [352, 378], [353, 378], [353, 380], [353, 381], [353, 382], [353, 384], [353, 385], [353, 386]]
[[354, 380], [354, 381], [354, 383], [354, 384], [354, 385], [354, 387], [354, 388], [353, 388], [353, 389], [353, 390], [351, 390], [351, 392], [350, 392], [349, 392], [349, 393], [348, 393], [348, 394], [346, 394], [345, 394], [345, 396], [344, 396], [342, 396], [341, 396], [340, 397], [338, 397], [337, 397], [336, 397], [335, 397], [333, 397], [332, 397], [331, 397], [330, 397], [328, 397], [327, 397], [326, 397], [324, 397], [323, 397], [322, 397], [322, 395], [321, 395], [319, 395], [318, 394], [317, 394], [315, 393], [314, 393], [313, 393], [313, 391], [311, 391], [310, 391], [309, 391], [307, 391], [307, 390], [306, 390], [305, 389], [305, 387]]
[[319, 393], [318, 393], [317, 393], [316, 393], [314, 393], [313, 393], [312, 393], [310, 393], [310, 391], [309, 391], [308, 390], [306, 390], [305, 389], [304, 389], [304, 387], [303, 387], [301, 387], [301, 386], [300, 386], [299, 386], [299, 385], [297, 385], [296, 385], [296, 383], [295, 383], [294, 383], [294, 382], [292, 382], [291, 382], [291, 381], [290, 381], [288, 381], [288, 380], [287, 380], [286, 380], [286, 378], [285, 378], [283, 378], [283, 377], [282, 377], [281, 377], [281, 376], [279, 376], [278, 376], [278, 374], [277, 374], [277, 373], [276, 373], [274, 373], [274, 372], [273, 372], [273, 371], [272, 371], [271, 371], [271, 369], [269, 369], [269, 368], [268, 368], [268, 367], [267, 367], [267, 366], [265, 366], [265, 364], [264, 364], [264, 363], [263, 363], [263, 362], [261, 360], [261, 359], [260, 359], [260, 357], [259, 357]]
[[231, 332], [233, 332], [234, 332], [235, 332], [237, 332], [238, 332], [239, 332], [240, 332], [242, 332], [243, 332], [244, 332], [246, 332], [247, 332], [248, 332], [249, 332], [251, 332], [252, 332], [253, 332], [254, 332], [254, 333], [256, 333], [257, 333], [257, 335]]
[[249, 331], [251, 331], [251, 332], [252, 332], [253, 332], [253, 333], [254, 333], [256, 333], [256, 335], [257, 335], [257, 336], [258, 336], [258, 337], [260, 337], [260, 339], [261, 339], [261, 340], [261, 341], [262, 341], [262, 342], [263, 342], [263, 344], [265, 344], [265, 345], [265, 346], [265, 348], [265, 349], [265, 350], [266, 350], [266, 351], [266, 353], [266, 354], [266, 355]]
[[266, 351], [266, 353], [264, 353], [264, 354], [264, 355], [263, 355], [263, 356], [262, 358], [262, 359], [260, 359], [260, 360], [259, 360], [258, 362], [256, 362], [256, 363], [255, 363], [255, 364], [254, 364], [252, 366], [251, 366], [251, 367], [250, 367], [248, 367], [247, 368], [246, 368], [245, 368], [245, 370]]
[[252, 365], [252, 366], [251, 366], [250, 366], [249, 366], [247, 366], [247, 367], [246, 367], [245, 367], [244, 367], [242, 367], [241, 367], [240, 367], [238, 367], [237, 367], [236, 367], [235, 367], [233, 367], [232, 367], [231, 367], [229, 367], [228, 365], [227, 365], [225, 365]]
[[282, 379], [282, 381], [282, 382], [284, 382], [284, 383], [284, 384], [284, 386], [284, 387], [284, 388], [284, 389]]
[[283, 382], [283, 383], [283, 384], [283, 386], [284, 386], [284, 387], [284, 388], [284, 389], [284, 391], [284, 392], [284, 393], [284, 394], [284, 396], [284, 397], [284, 398], [283, 398]]
[[283, 396], [283, 397], [283, 398], [283, 400], [283, 401], [283, 402]]
[[259, 364], [259, 365], [259, 367], [259, 368], [261, 368], [261, 369], [261, 371], [262, 372], [262, 373], [262, 375], [262, 376], [263, 376], [263, 377]]
[[259, 371], [261, 371], [261, 372], [261, 373], [262, 375], [262, 376], [263, 376], [263, 377], [263, 378], [265, 378], [265, 380], [265, 381], [266, 381], [266, 382], [267, 382], [267, 384], [267, 385], [268, 385]]
[[264, 376], [264, 377], [264, 378], [264, 380], [264, 381], [266, 381], [266, 382], [267, 384], [267, 385], [269, 386], [269, 387], [270, 389], [270, 390], [271, 390], [271, 391], [273, 391], [273, 393], [274, 393]]
[[268, 387], [268, 388], [270, 389], [270, 391], [271, 391], [271, 392], [271, 393], [272, 393], [272, 394], [272, 396], [274, 396], [274, 397], [275, 397], [275, 398], [276, 398], [278, 400], [279, 400], [279, 401], [280, 401], [280, 402], [281, 402], [281, 403], [283, 403], [283, 405], [284, 405], [284, 406], [285, 406], [285, 407], [287, 407], [287, 409], [288, 409], [288, 410], [289, 410], [289, 411], [290, 411], [292, 411]]
[[295, 387], [295, 388], [295, 389], [295, 390], [295, 392], [295, 393], [295, 394], [295, 396], [295, 397], [295, 398]]
[[293, 392], [293, 393], [294, 393], [294, 394], [294, 396], [294, 397], [295, 397], [295, 398], [295, 399], [295, 401], [296, 401], [296, 402], [298, 403]]
[[297, 399], [297, 401], [298, 402], [298, 403], [299, 403], [299, 405], [299, 406], [300, 406], [300, 407], [300, 409], [302, 409], [302, 410], [302, 411], [302, 412], [302, 414], [302, 415], [302, 416], [301, 416], [301, 418], [300, 418], [300, 419], [299, 419], [298, 419], [296, 419], [295, 419], [294, 419], [292, 419], [292, 420], [291, 420], [290, 420], [289, 420], [287, 420], [286, 420], [285, 420], [283, 420], [282, 420], [281, 420], [280, 420], [278, 420], [277, 420], [276, 420], [275, 420], [275, 419], [273, 419], [273, 417]]
[[283, 419], [282, 419], [281, 419], [280, 419], [278, 419], [277, 419], [276, 419], [275, 419], [275, 417], [273, 417], [272, 417], [272, 416], [271, 416], [269, 416], [269, 415], [268, 415], [267, 415], [267, 413], [266, 413], [264, 413], [263, 412], [262, 412], [260, 412], [260, 411], [259, 411], [258, 411], [258, 409], [256, 409], [255, 409], [254, 409], [254, 408], [253, 408], [251, 408], [251, 407], [250, 407], [249, 407], [249, 406], [247, 406], [246, 406], [246, 404], [245, 404], [244, 404], [244, 403], [242, 403], [242, 402], [241, 402], [240, 400], [238, 400], [238, 399], [237, 399], [237, 398], [236, 398], [236, 397], [235, 397], [233, 397], [233, 395]]
[[244, 328], [244, 327], [244, 325], [244, 324], [244, 323], [244, 322], [244, 320], [244, 319], [244, 318], [246, 318], [246, 317], [246, 315]]
[[244, 322], [244, 320], [244, 319], [244, 318], [244, 317], [246, 317], [246, 315], [246, 314], [247, 314], [247, 313], [248, 313], [249, 313], [249, 312], [251, 312]]
[[247, 317], [247, 315], [248, 315], [248, 314], [249, 314], [249, 313], [251, 311], [251, 310], [252, 310], [252, 309], [253, 309], [253, 308], [255, 308], [256, 308], [256, 306], [257, 306], [259, 306], [260, 306], [261, 306], [262, 306]]
[[253, 308], [254, 308], [256, 306], [257, 306], [257, 305], [258, 305], [260, 305], [261, 304], [262, 304], [264, 304], [265, 304], [266, 304], [268, 304], [269, 304], [269, 305], [270, 305], [270, 307], [271, 307], [271, 308], [273, 308], [273, 309], [273, 310]]
[[270, 307], [271, 307], [271, 308], [273, 308], [273, 309], [273, 310], [274, 310], [274, 312], [274, 313], [274, 314], [275, 314], [275, 316], [275, 317], [275, 318], [275, 319], [275, 321], [275, 322], [275, 323], [275, 324], [275, 326], [275, 327], [275, 328], [275, 330], [275, 331], [275, 332], [274, 332], [274, 333], [274, 335], [272, 336], [272, 337], [271, 337], [271, 339], [271, 340], [270, 340], [270, 341], [268, 343], [268, 344], [267, 344], [266, 344], [266, 345]]
[[252, 329], [252, 327], [253, 326], [255, 324], [256, 324], [256, 323], [256, 322], [257, 322]]
[[253, 328], [253, 327], [253, 326], [255, 324], [255, 323], [256, 323], [257, 322], [259, 322], [259, 320], [260, 320]]
[[256, 322], [257, 322], [258, 322], [258, 321], [260, 321], [261, 321], [262, 321], [264, 321], [265, 321], [266, 321], [267, 321], [269, 321], [270, 321], [271, 321], [271, 322], [271, 323], [272, 323], [272, 325], [272, 326], [272, 327]]
[[222, 142], [222, 141], [222, 140], [222, 138], [222, 137], [222, 136], [222, 134], [222, 133], [222, 132], [222, 131], [223, 131], [223, 129], [225, 129], [225, 128], [225, 127], [226, 127], [226, 125]]
[[221, 142], [221, 140], [221, 139], [221, 138], [222, 136], [222, 135], [222, 134], [223, 134], [223, 133], [223, 131], [224, 130], [224, 129], [224, 127], [226, 127], [226, 126], [227, 125], [227, 123], [228, 123], [228, 122], [230, 122], [230, 121], [231, 121], [231, 119], [232, 119], [232, 118]]
[[224, 132], [224, 131], [225, 129], [227, 127], [227, 126], [228, 126], [228, 125], [230, 123], [230, 122], [231, 122], [231, 121], [232, 119], [232, 118], [234, 118], [234, 117], [235, 117], [235, 115], [236, 114], [238, 113], [238, 111], [239, 111], [239, 110], [240, 110], [240, 109], [242, 109]]
[[233, 119], [233, 117], [235, 116], [235, 115], [236, 115], [236, 113], [238, 112], [238, 111], [239, 111], [239, 109], [240, 109], [240, 108], [241, 108], [241, 107], [243, 107], [243, 105], [244, 105], [244, 104], [245, 104], [245, 103], [246, 103], [246, 102], [248, 102], [248, 100], [249, 100], [249, 99], [250, 99], [250, 98], [252, 98], [253, 98], [253, 97], [254, 97], [254, 95], [255, 95], [255, 94], [257, 94], [258, 93], [259, 93], [259, 91], [261, 91], [261, 90], [262, 90], [263, 89], [265, 89], [265, 87], [266, 87], [266, 86]]
[[253, 99], [253, 97], [254, 97], [254, 96], [255, 96], [255, 95], [256, 95], [256, 93], [258, 93], [259, 92], [259, 91], [260, 91], [260, 90], [262, 90], [263, 90], [263, 88], [264, 88], [265, 88], [265, 87], [267, 87], [268, 86], [269, 86], [269, 84], [271, 84], [272, 84], [272, 83], [273, 83], [275, 83], [275, 82], [276, 82], [277, 82], [279, 80], [280, 80], [281, 80], [281, 79], [282, 79], [284, 79], [285, 79], [286, 79], [286, 78], [287, 78], [289, 78], [290, 78], [291, 78], [293, 78], [294, 78], [295, 78], [296, 78], [298, 78], [299, 78]]
[[283, 81], [285, 80], [286, 80], [287, 80], [289, 79], [290, 79], [291, 79], [293, 79], [294, 78], [295, 78], [297, 78], [298, 78], [299, 78], [301, 78], [302, 76], [303, 76], [305, 76], [306, 76], [307, 76], [308, 76], [310, 76], [311, 76], [312, 76], [313, 76], [315, 76], [316, 76], [317, 76], [319, 76], [319, 78], [320, 78], [321, 78], [322, 78], [324, 78], [324, 79], [325, 79], [326, 79], [328, 79], [329, 79], [329, 80], [330, 80], [331, 80], [333, 80], [333, 82], [334, 82], [335, 82], [337, 83], [338, 83], [338, 84], [339, 84], [339, 85], [341, 85], [342, 85], [342, 87], [343, 87], [344, 88], [346, 88], [347, 90], [348, 90], [348, 91], [350, 91], [351, 91], [351, 92], [352, 92], [354, 92], [354, 93], [355, 93]]
[[346, 89], [347, 89], [349, 89], [349, 90], [350, 90], [351, 90], [351, 92], [352, 92], [354, 93], [355, 93], [355, 94], [356, 94], [356, 96], [358, 96], [359, 96], [359, 97], [360, 97], [360, 98], [361, 98], [361, 100], [363, 100], [363, 101], [364, 101], [364, 102], [365, 102], [365, 103], [367, 105], [367, 106], [368, 108], [368, 109], [368, 110], [369, 110], [369, 111], [369, 113], [369, 114], [369, 115]]
[[364, 104], [365, 105], [367, 107], [367, 108], [368, 108], [368, 109], [369, 109], [369, 110], [369, 112], [371, 112], [371, 113], [372, 114], [372, 116], [372, 117], [374, 118], [374, 120], [374, 121], [374, 122], [374, 124], [375, 124], [375, 126], [375, 127], [375, 128], [375, 130], [375, 132], [376, 133], [376, 135], [376, 137]]
[[376, 121], [376, 122], [376, 124], [377, 124], [377, 125], [377, 126], [379, 126], [379, 127], [379, 129], [379, 130], [379, 131], [380, 131], [380, 133], [380, 134], [380, 135], [380, 136], [381, 136], [381, 138], [381, 139], [381, 140], [381, 142], [381, 143], [381, 144], [381, 145], [381, 147], [381, 148], [381, 149], [381, 150], [381, 152], [381, 153], [381, 154], [381, 156], [381, 157], [381, 158], [381, 159], [381, 161], [381, 162], [381, 163], [381, 165], [381, 166], [381, 167], [381, 169], [381, 170], [380, 170], [380, 171], [380, 172], [380, 174], [378, 174], [378, 175], [378, 176], [377, 176], [377, 178], [377, 180], [376, 182], [376, 183]]
[[381, 170], [381, 172], [381, 173], [381, 174], [380, 176], [380, 177], [380, 178], [378, 178], [378, 179], [378, 181], [377, 182], [377, 183], [376, 183], [376, 185], [376, 186], [374, 186], [374, 187], [373, 187], [373, 189], [373, 190], [372, 190], [372, 191], [372, 192], [371, 192], [371, 194], [369, 195], [369, 196], [368, 196], [368, 198], [367, 198], [367, 199], [365, 199], [365, 200], [364, 200], [364, 201], [363, 201], [363, 203], [361, 203], [361, 204], [361, 205], [360, 205], [360, 207], [359, 207], [359, 208], [358, 208], [358, 209], [356, 209], [356, 210], [355, 212], [353, 213], [352, 215], [351, 215], [351, 216], [349, 216], [349, 217], [348, 217], [348, 219], [347, 219], [346, 219], [346, 220], [344, 220], [343, 221], [342, 221], [342, 223], [340, 223], [339, 223], [339, 224], [338, 224], [336, 225], [335, 225], [335, 227], [334, 227], [333, 227], [333, 228], [331, 228], [330, 228], [330, 229], [329, 229], [327, 229], [326, 229], [326, 230], [325, 230], [324, 230], [322, 230], [321, 232]]
[[341, 222], [341, 223], [339, 223], [339, 224], [338, 224], [337, 224], [336, 224], [336, 226], [334, 226], [333, 226], [333, 227], [332, 227], [330, 227], [329, 227], [329, 228], [328, 228], [327, 228], [325, 228], [324, 228], [324, 229], [323, 229], [321, 229], [320, 229], [319, 229], [318, 229], [316, 229], [315, 229], [314, 229], [313, 229], [311, 229], [310, 229], [309, 229], [307, 229], [306, 229], [305, 229], [304, 229], [302, 229], [301, 229]]
[[323, 227], [322, 227], [322, 228], [321, 228], [319, 228], [318, 228], [318, 229], [317, 229], [316, 229], [314, 229], [313, 229], [312, 229], [310, 231], [309, 231], [308, 231], [307, 231], [305, 231], [305, 232], [304, 232], [303, 232], [301, 232], [300, 232], [299, 232], [298, 232], [296, 232], [295, 232], [294, 232], [292, 232], [291, 232], [290, 232], [289, 232], [287, 232], [286, 232], [285, 232], [284, 232], [282, 232], [281, 232], [280, 232], [278, 230], [277, 230], [276, 230], [276, 229], [274, 229], [273, 229], [273, 228], [272, 228], [270, 226], [269, 226], [269, 225], [268, 225], [266, 224], [265, 224], [265, 222], [264, 222], [263, 222], [261, 222], [261, 221], [260, 221], [259, 221], [259, 220]]
[[279, 228], [278, 228], [277, 228], [275, 228], [274, 228], [274, 226], [273, 226], [272, 226], [270, 226], [270, 225], [269, 225], [268, 225], [268, 224], [266, 224], [265, 224], [264, 224], [264, 222], [263, 222], [261, 222], [260, 222], [260, 221], [259, 221], [257, 221], [256, 221], [255, 221], [255, 220], [254, 220], [252, 220], [251, 220], [251, 219], [250, 219], [249, 219], [249, 217], [247, 217], [246, 216], [245, 216], [245, 215], [243, 215], [242, 213], [241, 213], [241, 212], [239, 212], [238, 212], [238, 211], [237, 211], [237, 209], [235, 209], [235, 208], [234, 208], [234, 207], [234, 205]]
[[251, 216], [250, 216], [249, 216], [248, 216], [246, 216], [246, 214], [245, 214], [245, 213], [244, 213], [244, 212], [243, 212], [243, 211], [241, 211], [241, 209], [240, 209], [240, 208], [239, 208], [239, 207], [237, 207], [236, 205], [235, 205], [235, 204], [233, 204], [233, 203], [232, 203], [232, 201], [231, 201], [231, 200], [231, 199], [230, 199], [230, 198], [230, 196], [228, 196], [228, 195], [228, 194], [227, 194], [227, 192], [227, 191], [226, 191], [226, 190], [226, 189], [224, 189], [224, 187], [224, 186], [223, 185], [223, 183], [223, 182], [222, 181], [222, 179], [222, 178], [220, 178], [220, 177], [220, 176], [220, 174], [220, 173], [220, 172], [220, 170], [220, 169], [220, 168], [220, 166]]
[[353, 242], [354, 242], [354, 241], [355, 241], [355, 239], [356, 239], [358, 239], [358, 238], [359, 238], [360, 238], [361, 238], [363, 238], [364, 238], [364, 237], [365, 237], [367, 237], [368, 237], [369, 237], [370, 237], [372, 237], [373, 237], [374, 237], [375, 237], [377, 237], [378, 237], [379, 237], [381, 237], [381, 238], [382, 238], [383, 240], [383, 241], [385, 241], [385, 242], [386, 242], [386, 244], [386, 245]]
[[377, 235], [378, 235], [379, 236], [381, 236], [381, 237], [382, 237], [383, 237], [383, 238], [384, 238], [384, 240], [386, 241], [386, 242], [386, 244], [387, 244], [387, 245], [387, 246], [387, 247], [387, 249], [388, 249], [388, 250], [388, 251], [388, 253], [388, 254], [388, 255], [388, 256], [388, 258], [388, 259], [388, 260], [388, 261], [388, 263], [387, 263], [387, 264], [385, 265]]
[[387, 259], [387, 261], [387, 262], [387, 263], [387, 265], [387, 266], [387, 267], [387, 268], [385, 268], [385, 270], [385, 271], [384, 271], [384, 272], [383, 272], [383, 274], [382, 274], [382, 275], [380, 275], [380, 276], [379, 276], [379, 277], [378, 277], [378, 279], [376, 279], [375, 280], [374, 280], [374, 281], [372, 281], [371, 281], [371, 283], [370, 283], [369, 283], [367, 283], [366, 283], [365, 283], [364, 283], [362, 283]]
[[373, 284], [371, 284], [370, 284], [369, 284], [368, 284], [366, 284], [365, 284], [364, 284], [362, 284], [361, 284], [360, 284], [359, 284], [357, 284], [357, 282], [356, 282], [355, 282], [355, 281], [353, 281], [353, 280], [352, 280], [351, 278], [349, 278], [349, 277], [348, 276], [348, 274], [347, 274], [347, 273], [345, 273], [345, 272], [344, 272], [344, 270], [344, 269], [344, 268]]
[[347, 274], [346, 274], [346, 273], [346, 272], [344, 272], [344, 271], [344, 269], [343, 269], [343, 268], [343, 267], [342, 267], [342, 265], [342, 264], [342, 263], [342, 262], [342, 260], [342, 259], [342, 258], [342, 256], [342, 255], [343, 255], [343, 254], [343, 253], [345, 253], [345, 251], [345, 250], [346, 250], [346, 249], [347, 249], [347, 248], [347, 246], [348, 246], [348, 245], [350, 245], [350, 244], [351, 244], [351, 242], [352, 242], [352, 241], [354, 241], [355, 241], [355, 240], [356, 240]]
