[[165, 168], [164, 168], [162, 168], [161, 168], [160, 168], [158, 168], [157, 168], [156, 168], [155, 168], [153, 168], [151, 168], [149, 168], [148, 168], [147, 168], [144, 168], [144, 169], [143, 169], [141, 169], [139, 169], [138, 169], [135, 169], [134, 169], [133, 169], [132, 169], [130, 169], [129, 169], [128, 169], [126, 169], [124, 169], [123, 169], [122, 169], [120, 169], [119, 169], [118, 169], [117, 169], [115, 169], [114, 169], [113, 169], [112, 169], [110, 169], [108, 169], [107, 169], [106, 169], [104, 169], [103, 170], [102, 170], [100, 170], [98, 170], [96, 170], [95, 170], [93, 170], [92, 170], [90, 170], [89, 170], [87, 170], [86, 170], [85, 170], [84, 170], [82, 170], [82, 172], [81, 172], [80, 172], [79, 172], [77, 172], [76, 172], [75, 172], [75, 173], [73, 173]]
[[85, 169], [84, 169], [83, 169], [81, 169], [80, 169], [79, 169], [79, 170], [77, 170], [75, 170], [73, 172], [72, 172], [71, 172], [69, 173], [68, 173], [66, 176], [65, 177], [65, 178], [63, 178], [63, 180], [62, 180], [62, 182], [60, 182], [60, 183], [59, 183], [57, 185], [56, 187], [54, 189], [51, 192], [48, 197], [46, 202], [43, 205], [41, 207], [41, 209], [40, 209]]
[[73, 175], [73, 176], [71, 176], [71, 178], [69, 178], [69, 179], [67, 179], [64, 181], [62, 181], [61, 183], [60, 183], [58, 185], [57, 186], [55, 189], [53, 191], [52, 192], [50, 194], [49, 195], [47, 195], [47, 197], [45, 197], [44, 200], [44, 201], [42, 203], [42, 205], [38, 208], [37, 210]]
[[83, 174], [81, 174], [80, 174], [79, 174], [77, 174], [76, 176], [75, 176], [73, 178], [71, 178], [70, 179], [68, 179], [66, 182], [64, 183], [63, 183], [61, 186], [60, 186], [57, 189], [54, 190], [51, 192], [49, 192], [47, 193], [46, 193], [46, 195], [45, 197], [43, 199], [42, 201], [40, 204], [39, 206], [37, 208], [36, 210], [34, 211], [33, 212], [31, 215], [30, 217], [28, 220], [27, 222]]
[[22, 242], [22, 243]]
[[33, 206], [33, 207], [33, 208], [33, 210], [31, 212], [29, 214], [27, 217], [26, 221], [24, 224], [24, 226], [23, 228], [23, 230], [23, 231], [21, 232], [21, 234], [21, 235], [21, 237], [20, 239], [20, 241], [20, 244], [18, 248], [18, 250], [18, 251], [18, 252], [18, 254]]
[[30, 210], [30, 211], [29, 213], [29, 215], [27, 217], [27, 219], [26, 222], [26, 224], [26, 225], [24, 227], [24, 229], [24, 232], [24, 234], [23, 237], [23, 240], [23, 242], [23, 244], [23, 245], [23, 247], [23, 249], [23, 250], [23, 252], [23, 254], [23, 257], [23, 259], [23, 260], [23, 262], [23, 264], [23, 265], [23, 267]]
[[22, 238], [22, 239], [22, 240], [22, 242], [22, 243], [22, 244], [22, 246], [22, 248], [22, 251], [22, 254], [20, 258], [20, 260], [20, 262], [20, 263], [20, 264], [20, 266], [20, 267], [20, 268], [20, 270], [21, 271], [21, 273], [21, 275], [22, 278], [22, 280], [22, 282], [24, 284], [24, 286], [24, 287], [25, 289]]
[[22, 249], [22, 251], [22, 253], [22, 254], [22, 256], [22, 257], [22, 260], [22, 261], [22, 263], [22, 265], [22, 267], [22, 270], [22, 272], [22, 274], [22, 275], [24, 277], [24, 278], [24, 279], [24, 280], [25, 282], [25, 283], [25, 285], [26, 285], [26, 287], [26, 289], [28, 291], [28, 292], [29, 294], [29, 295], [30, 295], [30, 296]]
[[32, 290], [32, 288], [32, 286], [32, 285], [32, 284], [32, 282], [32, 280], [32, 279], [34, 279], [34, 278], [34, 276], [35, 273], [35, 272], [35, 271], [35, 270], [36, 270], [36, 267], [36, 265], [38, 264], [38, 263], [38, 261], [39, 260], [39, 259], [41, 257], [41, 256], [41, 255], [42, 255], [42, 253], [42, 252], [43, 252], [43, 251], [45, 249], [45, 248], [46, 248], [46, 247], [47, 247], [47, 245], [49, 245], [49, 244], [50, 244], [51, 243], [53, 241], [54, 240], [55, 240]]
[[48, 243], [49, 243], [50, 243], [51, 243], [52, 243], [54, 243], [55, 243], [56, 241], [58, 241], [58, 240], [59, 240], [60, 240], [60, 239], [62, 239], [63, 239], [64, 239], [65, 239], [65, 238], [67, 238], [68, 238], [69, 238], [71, 238], [72, 238], [73, 238], [74, 238], [77, 238], [77, 236], [79, 236], [81, 236], [83, 236], [86, 236], [88, 236], [90, 236], [92, 236], [94, 236], [95, 236], [97, 236], [98, 236], [100, 236], [103, 236], [105, 236], [106, 236], [107, 236], [109, 236], [110, 236], [111, 236], [112, 236], [114, 236], [115, 236], [116, 236], [118, 236], [119, 236], [120, 236], [121, 236], [123, 236], [124, 237], [125, 237], [127, 237], [128, 237], [129, 237], [130, 237], [132, 237], [133, 237], [134, 237], [136, 237], [137, 237], [138, 237], [139, 237], [141, 238], [143, 238], [144, 238], [146, 238], [147, 238], [148, 238], [149, 238], [149, 239], [151, 239], [152, 239], [153, 239], [154, 239], [156, 239], [157, 239], [158, 239], [158, 241], [160, 241], [161, 241], [162, 241], [164, 242], [165, 242], [166, 242], [167, 242], [167, 243], [169, 243], [170, 243], [171, 245], [173, 245], [174, 245], [175, 245], [175, 246], [177, 246], [178, 246], [179, 246], [179, 247], [180, 247], [182, 247], [183, 247], [184, 247], [184, 249], [185, 249], [187, 249], [188, 249], [189, 249], [189, 250], [191, 250], [192, 250], [193, 250], [194, 250], [194, 251], [196, 251], [197, 251], [198, 251], [200, 251], [202, 251], [202, 253], [203, 253], [204, 253], [206, 253], [207, 254], [208, 254], [210, 254], [210, 255], [211, 255], [212, 255], [214, 257], [215, 257], [216, 257], [217, 258], [219, 258], [220, 260], [221, 260], [221, 261], [224, 261], [225, 261], [225, 262], [226, 262], [227, 262], [227, 263], [229, 263], [231, 263], [231, 265], [232, 265], [234, 266], [237, 268], [238, 269], [239, 270]]
[[135, 163], [136, 163], [136, 164], [137, 164], [137, 166], [139, 167], [139, 168], [140, 170], [140, 171], [140, 172], [141, 172], [141, 174], [141, 175], [143, 176], [143, 178], [143, 179], [143, 180], [144, 182], [144, 183], [144, 185], [144, 186], [144, 187], [144, 189], [144, 190], [144, 191], [144, 193], [144, 194], [144, 195], [144, 196], [144, 198], [144, 199], [144, 200], [144, 202], [143, 202], [143, 203], [143, 204], [143, 205], [141, 205], [141, 207], [141, 208], [141, 209], [141, 211], [141, 212], [140, 212], [140, 213], [139, 215], [139, 216], [137, 217], [137, 218], [137, 220], [137, 221], [137, 222], [136, 222], [136, 224], [136, 225], [136, 226], [134, 228], [134, 229], [134, 231], [133, 232], [133, 234], [132, 234], [132, 236], [132, 237], [130, 239]]
[[146, 190], [146, 192], [146, 194], [146, 195], [146, 196], [146, 198], [146, 200], [146, 201], [146, 202], [146, 204], [144, 204], [144, 207], [144, 209], [144, 210], [143, 210], [143, 211], [143, 213], [142, 213], [142, 215], [142, 217], [141, 217], [141, 218], [141, 219], [139, 219], [139, 221], [139, 222], [138, 223], [138, 225], [136, 226], [136, 227], [135, 229], [135, 231], [134, 231], [134, 233], [132, 233], [132, 234], [130, 234], [130, 236], [128, 236], [128, 238], [127, 238]]
[[49, 239], [50, 239], [51, 239], [53, 239], [54, 239], [55, 239], [56, 239], [58, 239], [59, 239], [60, 239], [62, 239], [63, 239], [64, 239], [65, 239], [67, 239], [68, 239], [69, 239], [71, 239], [72, 239], [73, 239], [74, 239], [76, 239], [77, 239], [78, 238], [80, 238], [81, 238], [82, 238], [83, 238], [85, 238], [86, 238], [88, 238], [89, 238], [91, 238], [92, 238], [93, 238], [95, 238], [96, 238], [97, 238], [99, 238], [100, 238], [101, 240], [103, 240], [104, 240], [105, 240], [105, 241], [106, 241], [108, 241], [109, 241], [109, 242], [110, 242], [111, 242], [113, 242], [114, 242], [114, 243], [115, 243], [117, 243], [118, 243], [119, 243], [119, 245], [120, 245], [122, 245], [123, 245], [123, 246], [124, 246], [126, 246], [127, 247], [129, 247], [131, 249], [133, 249], [135, 250], [136, 250], [138, 252], [139, 252], [140, 252], [140, 253], [141, 253], [143, 253], [143, 254], [144, 254], [145, 254], [145, 256], [147, 256], [148, 256], [150, 257], [152, 257], [154, 259], [156, 259], [158, 260], [159, 260], [162, 260], [164, 261], [165, 261], [166, 261], [169, 263], [170, 263], [172, 264], [174, 264], [176, 266], [179, 266], [181, 267], [183, 267], [185, 269], [186, 269], [188, 270], [189, 270], [189, 272], [190, 272], [192, 272], [193, 273], [194, 273], [196, 273], [196, 274], [197, 274], [197, 276], [198, 276], [200, 276], [201, 277], [202, 277], [202, 278], [204, 278], [205, 278], [206, 278], [207, 278], [207, 280]]
[[152, 165], [150, 165], [150, 166], [151, 166], [153, 166], [154, 166], [155, 164], [158, 161], [159, 160], [160, 160], [160, 159], [162, 159], [163, 159], [163, 157], [164, 157], [166, 157], [167, 156], [168, 156], [170, 156], [171, 156], [171, 155], [172, 155], [174, 155], [176, 155], [176, 153], [177, 153], [179, 153], [180, 152], [182, 152], [184, 152], [186, 152], [187, 152], [189, 150], [190, 150], [191, 150], [191, 149]]
[[179, 156], [179, 155], [181, 155], [182, 155], [183, 155], [184, 155], [186, 153], [187, 153], [189, 153], [191, 153], [193, 153], [193, 152], [194, 152], [195, 152], [197, 152], [198, 152], [199, 152], [200, 152], [202, 152], [203, 152], [204, 152], [206, 152], [207, 152], [208, 152], [209, 152], [212, 152], [214, 152], [216, 152], [218, 152], [220, 152], [223, 152], [226, 152], [228, 152], [230, 152], [232, 154]]
[[198, 151], [200, 151], [203, 151], [204, 151], [205, 149], [207, 149], [208, 149], [209, 149], [211, 149], [213, 149], [216, 149], [218, 149], [220, 149], [223, 149], [226, 150], [229, 150], [232, 150], [236, 150], [240, 150], [244, 150], [248, 150], [252, 150], [257, 150], [261, 150], [265, 152], [269, 152], [273, 152], [277, 153], [280, 153], [283, 153], [285, 153], [286, 153]]
[[241, 155], [242, 154], [243, 154], [243, 152], [245, 152], [246, 152], [248, 152], [250, 152], [252, 152], [254, 152], [255, 152], [256, 152], [257, 152], [259, 152], [262, 152], [264, 151], [266, 151], [268, 151], [270, 151], [272, 151], [275, 151], [277, 151], [279, 151], [281, 151], [283, 151], [285, 151], [287, 151], [290, 151], [292, 151], [295, 151], [297, 151], [299, 151], [302, 153], [305, 153], [308, 153], [311, 154], [314, 154], [317, 154], [322, 156], [325, 156], [328, 156], [331, 158], [333, 158], [335, 158], [336, 158]]
[[290, 148], [292, 148], [293, 148], [294, 148], [296, 148], [298, 148], [300, 149], [302, 149], [305, 149], [307, 149], [309, 149], [311, 150], [314, 150], [317, 150], [319, 152], [322, 152], [324, 153], [326, 153], [328, 155], [331, 155], [333, 156], [335, 156], [337, 159], [340, 160], [342, 162], [344, 163], [346, 165], [348, 166], [351, 168], [353, 169], [355, 171], [357, 172], [360, 174], [361, 175], [363, 177], [364, 177], [365, 178], [367, 178]]
[[313, 147], [314, 147], [316, 147], [317, 147], [319, 147], [321, 147], [323, 147], [325, 147], [327, 147], [329, 149], [332, 149], [334, 149], [336, 150], [338, 150], [340, 152], [343, 152], [345, 153], [347, 153], [349, 155], [350, 155], [353, 157], [355, 159], [357, 159], [359, 161], [362, 162], [364, 164], [366, 165], [369, 165], [371, 168], [374, 168], [378, 171], [380, 172], [382, 174], [384, 175], [385, 177], [387, 178], [388, 180]]
[[338, 154], [339, 154], [340, 154], [342, 154], [343, 154], [345, 154], [346, 154], [347, 156], [350, 156], [352, 157], [353, 157], [355, 160], [357, 160], [360, 161], [362, 161], [363, 163], [365, 163], [366, 164], [367, 164], [369, 166], [370, 166], [372, 168], [375, 171], [376, 171], [378, 173], [379, 173], [380, 175], [382, 175], [383, 178], [384, 178], [386, 180], [387, 180], [389, 182], [390, 182], [391, 184], [395, 187], [396, 187], [398, 189], [399, 191], [400, 191], [402, 193], [403, 193], [404, 194], [406, 194], [407, 196], [408, 196]]
[[385, 169], [387, 170], [389, 171], [391, 174], [395, 177], [396, 177], [398, 180], [399, 182], [401, 183], [402, 185], [403, 185], [405, 187], [406, 187], [408, 189], [409, 189], [410, 191], [412, 193], [413, 193], [415, 195], [416, 195], [418, 197], [420, 197], [423, 200], [425, 200], [427, 202], [429, 202], [432, 204], [434, 204], [436, 207], [438, 207], [440, 208], [442, 208], [444, 208], [445, 208], [446, 208]]
[[398, 178], [398, 180], [399, 180], [400, 181], [402, 182], [404, 184], [406, 186], [409, 188], [411, 189], [412, 189], [413, 191], [415, 191], [417, 193], [418, 193], [420, 195], [421, 195], [423, 197], [424, 197], [425, 199], [427, 199], [428, 200], [429, 200], [431, 202], [432, 202], [433, 203], [435, 203], [436, 205], [437, 205], [439, 208], [440, 208], [442, 210], [443, 210], [445, 212], [447, 212], [448, 214], [450, 214], [453, 217], [454, 217], [455, 218], [457, 218], [458, 220], [459, 220], [461, 223], [463, 223], [464, 225], [466, 225], [467, 226], [469, 228], [471, 228]]
[[454, 213], [454, 215], [456, 215], [456, 216], [458, 216], [460, 218], [462, 218], [462, 219], [464, 219], [464, 220], [467, 220], [467, 221], [468, 221], [468, 223], [469, 223], [471, 224], [472, 224], [472, 225], [473, 225], [475, 225], [475, 227], [477, 227], [480, 227], [481, 227], [481, 228], [482, 228]]
[[211, 183], [212, 184], [213, 184], [213, 186], [214, 186], [215, 186], [215, 187], [217, 187], [218, 187], [219, 187], [219, 188], [221, 188], [223, 188], [224, 188], [225, 188], [227, 188], [227, 189], [228, 189], [229, 189], [230, 189], [232, 189], [233, 189], [234, 189], [235, 189], [237, 189], [238, 189], [239, 189], [241, 189], [242, 189], [243, 189], [244, 189], [246, 189], [247, 189], [248, 189], [250, 189], [251, 189], [252, 189], [253, 189], [255, 189], [256, 189], [257, 189], [259, 189], [260, 189], [260, 188], [261, 188], [262, 188], [264, 188], [265, 188], [266, 188], [267, 188], [269, 186], [270, 186], [271, 186], [273, 186], [274, 186], [275, 186], [277, 186], [278, 186], [279, 186], [280, 186], [282, 186], [283, 186]]
[[240, 192], [239, 192], [238, 192], [238, 194], [236, 194], [236, 195], [235, 195], [235, 196], [235, 198], [235, 199], [234, 199], [234, 200], [234, 201], [234, 203], [234, 204], [234, 205], [234, 206], [234, 208], [234, 209], [234, 210], [234, 212], [234, 213], [234, 214], [234, 216], [235, 216], [235, 217], [235, 218], [237, 220], [238, 221], [240, 222], [241, 222], [241, 224], [242, 224], [244, 224], [245, 224], [246, 224], [247, 224], [249, 224], [250, 224], [251, 224], [253, 224], [254, 224], [255, 224], [256, 224], [258, 224], [259, 224], [260, 223], [262, 223], [263, 223], [264, 222], [266, 222], [267, 222], [267, 221], [268, 221], [270, 219], [270, 218], [271, 218], [271, 217], [272, 217], [272, 215], [273, 215], [273, 214], [273, 213], [273, 211], [273, 210], [273, 209], [273, 208], [273, 206], [273, 205], [273, 204], [273, 202], [273, 201], [273, 200], [273, 199], [273, 197], [272, 197], [272, 196], [270, 196], [269, 196], [269, 195], [268, 195], [267, 195], [267, 193], [265, 193], [265, 192], [264, 192], [263, 192], [261, 192], [259, 192]]
[[251, 197], [250, 197], [249, 197], [249, 198], [248, 198], [248, 199], [246, 199], [246, 201], [246, 202], [246, 203], [246, 204], [246, 206], [247, 207], [248, 207], [248, 208], [249, 208], [249, 210], [251, 210], [252, 210], [253, 210], [254, 210], [256, 210], [256, 209], [257, 209], [257, 208], [258, 208], [258, 207], [258, 206], [258, 204], [260, 204], [260, 203], [260, 202], [260, 201], [260, 199], [259, 199], [258, 198], [257, 198], [255, 198], [254, 198], [253, 198], [251, 198], [250, 200], [249, 201], [247, 202], [246, 204]]
[[113, 183], [115, 183], [117, 183], [117, 184], [118, 184], [120, 184], [120, 186], [121, 186], [121, 187], [122, 187], [122, 188], [123, 188], [123, 189], [125, 189], [126, 189], [126, 191], [127, 191], [127, 192], [129, 193], [129, 195], [130, 195], [130, 196], [131, 196], [131, 197], [133, 197], [133, 198], [133, 200], [134, 200], [134, 201], [134, 202], [135, 202], [135, 204], [135, 205], [136, 205], [136, 206]]
[[250, 240], [251, 240], [252, 240], [254, 240], [256, 240], [257, 240], [258, 240], [260, 240], [261, 240], [262, 238], [264, 238], [265, 237], [266, 237], [268, 237], [268, 236], [269, 236], [270, 234], [272, 234], [272, 233], [273, 233], [273, 232], [274, 232], [274, 230], [275, 230], [277, 230], [277, 229], [278, 229], [280, 228], [282, 226], [284, 226], [285, 225], [286, 225], [288, 223], [289, 223], [291, 222], [292, 222], [293, 222], [293, 221], [295, 221], [297, 221], [297, 219], [298, 219], [299, 219], [300, 219], [302, 218], [304, 218], [305, 218], [305, 217], [308, 217], [310, 217], [312, 215], [314, 215], [315, 215], [316, 215], [318, 215], [319, 215], [320, 214], [322, 214], [323, 214], [324, 214], [326, 214], [327, 214], [328, 214], [330, 214], [332, 214], [333, 214], [334, 214], [335, 214], [337, 214], [338, 214], [339, 214], [341, 214], [343, 214], [346, 214], [347, 214], [349, 214], [351, 214], [353, 214], [356, 214], [357, 214], [358, 214], [359, 214], [361, 214], [362, 216], [364, 216], [364, 217], [366, 217], [368, 217], [370, 217], [371, 218], [372, 218], [374, 218], [375, 218], [376, 218], [378, 220], [379, 220], [381, 221], [384, 221], [386, 223], [387, 223], [389, 224]]
[[31, 323], [31, 320], [32, 318], [32, 317], [34, 315], [34, 314], [35, 314], [35, 313], [36, 313], [38, 311], [39, 311], [40, 310], [43, 310], [43, 309], [45, 309], [46, 307], [47, 307], [47, 306], [49, 306], [50, 305], [52, 303], [54, 303], [54, 302], [55, 302], [56, 300], [58, 300], [59, 299], [60, 299], [62, 299], [62, 298], [64, 298], [65, 298], [65, 296], [66, 296], [68, 295], [69, 295], [70, 295], [70, 294], [72, 294], [73, 294], [75, 294], [76, 292], [78, 292], [79, 292], [80, 292], [82, 292], [84, 292], [85, 292], [86, 292], [87, 292], [89, 291], [90, 291], [91, 291], [93, 291], [94, 291], [95, 291], [97, 291], [98, 291], [99, 291], [100, 291], [102, 291], [103, 291], [105, 291], [106, 291], [108, 291], [109, 291], [110, 291], [112, 291], [113, 291], [113, 292], [114, 292], [115, 292], [117, 294], [118, 294], [119, 294], [121, 294], [121, 295], [124, 295], [125, 295], [126, 295], [126, 296], [128, 296], [130, 296], [130, 298], [131, 298], [132, 298], [134, 299]]
[[46, 350], [46, 349], [47, 349], [47, 347], [48, 347], [48, 346], [49, 345], [51, 343], [51, 342], [52, 342], [52, 341], [53, 341], [53, 340], [55, 340], [55, 338], [56, 338], [56, 337], [56, 336], [57, 336], [57, 334], [58, 334], [58, 333], [60, 333], [60, 332], [61, 332], [61, 331], [62, 329], [62, 328], [64, 328], [65, 326], [67, 325], [70, 323], [72, 323], [72, 322], [74, 322], [75, 321], [77, 321], [78, 319], [79, 319], [79, 318], [81, 318], [82, 318], [82, 317], [83, 317], [84, 317], [84, 315], [86, 315], [87, 315], [87, 314], [88, 314], [89, 314], [89, 313], [91, 313], [92, 313], [93, 311], [96, 311], [97, 311], [98, 311], [99, 311], [99, 310], [101, 310], [102, 310], [103, 310], [105, 309], [106, 309], [108, 309], [110, 307], [113, 307], [115, 307], [115, 306], [117, 306], [118, 306], [119, 306], [121, 306], [122, 305], [123, 305], [125, 305], [126, 305], [126, 303], [127, 303], [128, 303], [131, 302], [132, 302], [133, 302], [135, 302], [136, 300], [137, 300], [139, 300], [140, 299], [141, 299], [142, 299], [145, 299], [146, 299], [146, 298], [147, 298], [148, 298], [150, 298], [151, 298], [151, 296], [152, 296], [154, 296], [155, 296], [156, 296], [157, 296], [159, 296], [160, 295], [161, 295], [163, 295], [164, 295], [165, 295], [167, 295], [168, 295], [169, 294], [171, 294], [172, 294], [173, 294], [175, 294], [177, 292], [180, 292], [182, 292], [183, 292], [183, 291], [185, 291], [186, 291], [188, 291], [189, 291], [190, 291], [190, 289], [192, 289], [193, 289], [194, 289], [196, 288], [197, 288], [198, 288], [199, 288], [201, 288], [201, 287], [202, 287], [203, 287], [204, 287], [204, 286], [206, 286], [207, 286], [208, 286], [208, 284], [210, 284], [210, 283], [211, 283], [211, 282], [212, 282], [212, 280], [213, 280], [215, 279], [216, 278], [218, 278], [218, 276], [219, 276], [220, 276], [220, 275], [221, 275], [223, 275], [223, 274], [224, 274], [225, 272], [227, 272], [227, 271], [228, 271], [229, 270], [231, 270], [231, 268], [232, 268], [232, 267], [233, 267], [233, 266]]
[[29, 318], [30, 318], [31, 318], [32, 318], [34, 318], [35, 318], [36, 318], [37, 318], [39, 318], [40, 318], [41, 318], [43, 318], [44, 318], [45, 318], [46, 318], [48, 318], [49, 318], [50, 318], [52, 318], [53, 318], [54, 318], [55, 318], [57, 318], [59, 318], [60, 318], [61, 318], [63, 318], [63, 317], [64, 317], [65, 317], [66, 317], [68, 317], [69, 317]]
[[45, 350], [47, 350], [48, 350], [49, 350], [51, 350], [52, 350], [53, 350], [55, 350], [57, 350], [58, 350], [59, 350], [62, 348], [64, 348], [65, 348], [66, 348], [68, 347], [69, 347], [71, 347], [73, 347], [75, 345], [78, 345], [80, 345], [82, 343]]
[[63, 346], [64, 346], [66, 346], [66, 347], [67, 347], [68, 347], [70, 347], [73, 347], [75, 347], [77, 346], [79, 346], [80, 346], [82, 346], [85, 346], [86, 345], [87, 345], [89, 345], [91, 343], [92, 343], [93, 343], [95, 343], [96, 343], [97, 343], [97, 342], [99, 342], [99, 341], [102, 341], [103, 339], [104, 339], [106, 338], [107, 338], [109, 338], [111, 338], [113, 337], [116, 337], [118, 337], [120, 334], [121, 333], [123, 331], [124, 330]]
[[100, 342], [102, 342], [104, 342], [105, 342], [106, 342], [108, 341], [109, 341], [110, 339], [112, 339], [113, 338], [114, 338], [114, 336], [117, 336], [118, 336], [119, 336], [119, 335], [121, 335], [123, 335], [124, 334], [126, 334], [126, 332], [128, 332], [128, 331], [130, 331], [130, 330], [133, 330], [133, 329], [135, 329], [135, 327], [137, 327], [137, 325], [139, 325], [139, 324], [141, 324], [142, 322], [145, 322], [145, 321]]
[[133, 331], [135, 329], [137, 329], [138, 328], [139, 328], [142, 326], [144, 324], [146, 323], [148, 321], [151, 320], [153, 318], [154, 317], [156, 317], [156, 315]]
[[131, 333], [131, 332], [129, 332], [128, 332], [130, 332], [131, 332], [131, 333], [133, 333], [133, 335], [135, 335], [135, 336], [138, 336], [140, 338], [142, 340], [144, 342], [146, 342], [146, 343], [149, 343], [150, 343], [151, 345], [152, 345], [154, 346], [156, 346], [158, 348], [160, 348], [162, 351], [164, 352], [166, 354], [169, 355], [171, 357], [173, 358], [175, 360], [178, 361], [181, 363], [183, 363], [185, 363], [187, 363], [189, 363]]
[[161, 347], [162, 350], [163, 350], [163, 351], [165, 351], [165, 352], [167, 352], [168, 354], [169, 354], [171, 355], [172, 355], [173, 355], [176, 357], [178, 357], [180, 359], [182, 359], [184, 360], [187, 360], [189, 362], [191, 362], [193, 363], [195, 363], [199, 365], [201, 365], [203, 366], [205, 366], [208, 368], [211, 368], [214, 368], [217, 368], [220, 368], [223, 368], [226, 368], [229, 368]]
[[179, 358], [179, 359], [181, 359], [184, 359], [186, 359], [188, 359], [189, 359], [191, 359], [193, 361], [196, 361], [199, 363], [202, 364], [205, 364], [208, 366], [210, 366], [213, 367], [214, 367], [215, 367], [217, 369], [218, 369], [219, 370], [221, 370], [224, 372], [226, 372], [228, 373], [230, 373], [232, 375], [235, 375], [237, 375], [239, 375], [241, 375], [242, 375]]
[[139, 330], [139, 331], [141, 331], [142, 331], [143, 331], [145, 331], [147, 331], [148, 331], [149, 331], [151, 331], [153, 331], [156, 331], [158, 331], [161, 331], [164, 331], [167, 329], [170, 329], [172, 329], [174, 329], [176, 329], [179, 329], [181, 328], [183, 328], [185, 324], [188, 323], [190, 321]]
[[170, 326], [172, 326], [175, 326], [176, 326], [177, 326], [179, 326], [181, 326], [183, 326], [186, 323], [189, 323], [192, 322], [195, 322], [198, 322], [201, 320], [204, 320], [207, 318], [210, 318], [213, 317], [216, 317], [219, 314], [222, 314], [226, 312], [228, 312], [230, 309], [231, 309], [231, 308]]
[[182, 329], [183, 327], [185, 327], [185, 326], [186, 326], [187, 326], [189, 326], [189, 325], [190, 325], [192, 325], [193, 323], [195, 323], [196, 322], [197, 322], [199, 321], [200, 321], [202, 319], [204, 319], [207, 317], [209, 315], [211, 314], [214, 314], [217, 311], [219, 311], [220, 309], [221, 309], [223, 308], [225, 306], [227, 305], [229, 303], [231, 300], [232, 300], [232, 299], [235, 299], [235, 298], [236, 298], [236, 296], [237, 296]]
[[236, 271], [238, 271], [239, 271], [240, 271], [242, 271], [243, 271], [244, 271], [245, 271], [247, 271], [248, 271], [249, 271], [250, 271], [252, 271], [253, 271], [254, 271], [256, 271], [257, 271], [258, 271], [259, 271], [261, 271], [262, 271], [263, 271], [265, 271], [265, 272], [266, 272], [267, 272], [268, 272], [268, 273], [271, 273], [272, 273], [273, 274], [275, 274], [276, 276], [277, 276], [277, 278], [278, 278], [280, 279], [281, 281], [283, 282], [284, 284], [286, 285], [287, 286], [288, 288], [291, 289], [292, 291], [294, 292], [298, 294], [301, 297], [302, 297], [302, 299], [304, 299], [306, 301], [309, 303], [311, 305], [312, 306], [314, 308], [315, 310], [316, 312], [318, 314], [319, 315], [321, 315], [321, 316], [322, 316]]
[[241, 273], [242, 273], [245, 273], [246, 273], [248, 273], [249, 273], [251, 273], [252, 273], [254, 272], [255, 272], [258, 272], [261, 272], [264, 272], [267, 272], [270, 272], [273, 272], [275, 273], [277, 273], [280, 275], [281, 275], [281, 277], [282, 277]]
[[252, 274], [253, 274], [256, 274], [257, 274], [259, 274], [262, 274], [264, 274], [266, 274], [268, 276], [270, 276], [274, 277], [280, 279], [284, 279], [289, 282], [292, 282], [294, 284], [298, 287], [301, 290], [303, 292], [305, 294]]
[[276, 279], [278, 279], [280, 279], [281, 279], [283, 281], [285, 281], [287, 283], [289, 283], [292, 285], [295, 288], [299, 290], [301, 293], [303, 295], [306, 296], [307, 298], [309, 299], [309, 301]]
[[283, 279], [284, 279], [284, 280], [286, 280], [287, 282], [290, 282], [292, 283], [294, 283], [297, 286], [301, 287], [304, 290], [306, 291], [309, 293], [310, 293], [310, 295], [312, 295], [312, 296]]
